Price,Close,High,Low,Open,Volume
Ticker,MSFT,MSFT,MSFT,MSFT,MSFT
Date,,,,,
2015-11-27,47.221675872802734,47.353018787607056,47.099090933752876,47.107845569318265,9009100
2015-11-30,47.58942794799805,48.12355087181713,47.28296561803081,47.755796075856445,56241400
2015-12-01,48.3512077331543,48.359962367539445,47.545644421986914,47.64196210116668,39952800
2015-12-02,48.34246063232422,48.999168585149384,48.21112104587281,48.43877833316888,47274900
2015-12-03,47.45810317993164,48.83281178621595,47.22168787729684,48.58764184579019,38627800
2015-12-04,48.95539093017578,49.23558606879876,47.37053446343554,47.38804707712317,43963700
2015-12-07,48.867835998535156,49.00793358159788,48.412518018533824,48.85032338312858,30709800
2015-12-08,48.850303649902344,49.12174072858177,48.14981601755278,48.57010859696252,32878000
2015-12-09,48.14107131958008,48.92036423424323,47.72953326074876,48.48255892576376,36373200
2015-12-10,48.39500045776367,48.736488072821444,48.16733982093215,48.500072799276175,31775800
2015-12-11,47.335506439208984,48.246138851575566,47.291723240571635,47.904651279414466,39549500
2015-12-14,48.281166076660156,48.342458549067366,47.002775451896575,47.57192365589408,46768900
2015-12-15,48.333709716796875,48.94663785465602,48.23739200853748,48.73648982389102,39843000
2015-12-16,49.14801788330078,49.253090207156475,47.94842910354155,48.63140755907594,37503300
2015-12-17,48.77150344848633,49.72591898659458,48.622647932904535,49.349406220356265,41280900
2015-12-18,47.39680480957031,49.0341957687376,47.30924174158386,48.83280572265302,84684200
2015-12-21,48.00973892211914,48.46505357176879,47.484370469139655,48.05351879148661,37246300
2015-12-22,48.465049743652344,48.57888006716859,47.72078200262308,48.149832704990665,28322200
2015-12-23,48.8765869140625,48.929124756281325,48.54385392705582,48.77151456981446,27279800
2015-12-24,48.745235443115234,48.99916329242465,48.53509079141635,48.911603577581616,9558500
2015-12-28,48.99040985107422,48.99040985107422,48.14106656760164,48.465041528644015,22458300
2015-12-29,49.51577377319336,49.778456258689936,49.08672649292639,49.2881165098134,27731400
2015-12-30,49.305641174316406,49.717175944130425,49.2881285589769,49.44573875684264,21704500
2015-12-31,48.5788688659668,49.200551503027675,48.52633103487574,49.069211935583354,27334100
2016-01-04,47.98345947265625,47.98345947265625,46.74884867928611,47.56316679195464,53778000
2016-01-05,48.20234680175781,48.50005444017425,47.75578701422728,48.09727450001915,34079700
2016-01-06,47.32674789428711,47.633213580117726,46.96774771502597,47.563163135291624,39518900
2016-01-07,45.68059539794922,46.83640426048848,45.59303568936067,46.144671205997106,56564900
2016-01-08,45.82069396972656,46.65252118001623,45.663083830049054,45.855715847285985,48754000
2016-01-11,45.794429779052734,46.27601489965545,45.05891680461236,45.97830718761556,36943800
2016-01-12,46.2147102355957,46.49490526238265,45.58427309541916,46.197197628897996,36095500
2016-01-13,45.21653366088867,47.3442678183948,44.91882590477124,47.107852540873054,66883600
2016-01-14,46.5036735534668,46.7751106670338,45.15523260026212,45.53174537732822,52381900
2016-01-15,44.64738464355469,45.50548260535982,44.07823643430745,44.92757976005476,71820700
2016-01-19,44.2708740234375,45.251556979788205,43.83306871468582,45.07643418824965,43564500
2016-01-20,44.472267150878906,44.988877584664635,42.99248296688455,43.76302129901352,63273000
2016-01-21,44.200828552246094,45.164002344164565,44.04321835611743,44.65614652548558,40191200
2016-01-22,45.785675048828125,45.82070027139313,44.88379393881916,45.015136853343385,37555800
2016-01-25,45.34786605834961,46.10089158063009,45.2252811296414,45.47920562188464,34707700
2016-01-26,45.68059539794922,45.91701061936483,45.13771785628491,45.34786583316171,28900800
2016-01-27,44.84877395629883,45.706871904357214,44.67365117624444,45.5405037602204,36775200
2016-01-28,45.584293365478516,45.715632963832086,44.87504750968641,45.409170560817415,62513800
2016-01-29,48.23738098144531,48.23738098144531,47.2829654344389,47.92216067745217,83611700
2016-02-01,47.9046516418457,48.237384580910145,47.720774230858424,48.05350716992287,44208500
2016-02-02,46.40735626220703,47.5106240168707,46.10089392485295,47.431818938666936,56313800
2016-02-03,45.67185974121094,46.7488606372828,44.88380867569973,46.62627565824554,57559800
2016-02-04,45.53173828125,46.240983868483454,44.98010282451287,45.619297980330884,46987100
2016-02-05,43.920623779296875,45.531747278130595,43.395258800624845,45.47920944418777,62009000
2016-02-08,43.263919830322266,43.404017393420396,42.195673824080686,43.386504780509455,59290500
2016-02-09,43.150089263916016,43.99067797777376,42.61596626392172,42.92243197778517,46740500
2016-02-10,43.52659606933594,44.122011461722394,43.36023128094725,43.68420622262582,38237000
2016-02-11,43.509090423583984,43.876848620191524,42.475869626710114,42.62472516872894,48878600
2016-02-12,44.21833038330078,44.37594054099103,43.56162250632107,43.99942775764088,34243300
2016-02-16,45.05614471435547,45.05614471435547,44.20952389723931,44.888585395605,37291200
2016-02-17,46.22905349731445,46.537719561777465,45.3736154290036,45.408892127371566,40789000
2016-02-18,46.0262336730957,46.6964777205116,45.94686275601151,46.14970216069401,27176000
2016-02-19,45.699913024902344,46.105584932963644,45.44416202731858,45.8321989516997,33559100
2016-02-22,46.43190002441406,46.74056277252624,46.1055955602136,46.1055955602136,25008300
2016-02-23,45.135494232177734,46.18495057902912,44.959114137838974,46.15849474233798,28895300
2016-02-24,45.294246673583984,45.4177117595172,44.27124592191705,44.70337372268333,33014500
2016-02-25,45.94684982299805,45.94684982299805,44.63282467735026,45.62054875090832,26939500
2016-02-26,45.241336822509766,46.4583562000251,45.06495666626278,46.38780279185764,35975900
2016-02-29,44.87092590332031,45.549987081789666,44.67690746256607,45.28541525742643,31654000
2016-03-01,46.37017059326172,46.37898808772721,44.906217563271746,44.95031512811481,33024500
2016-03-02,46.69647216796875,46.70528966251973,45.99977235242479,46.2202467220902,29289900
2016-03-03,46.167327880859375,46.714106695048564,45.6646466283289,46.714106695048564,24427800
2016-03-04,45.88512420654297,46.255522892658306,45.60291728577502,46.211428692070534,33034200
2016-03-07,45.00321960449219,45.68228095125351,44.6063684979366,45.470627476313375,38407800
2016-03-08,45.55000686645508,45.973317259462625,44.624011807318375,44.80039197878117,33835100
2016-03-09,46.599456787109375,46.60827428050235,45.73519777522532,45.7616536195757,28251600
2016-03-10,45.90275192260742,46.687639949372574,45.11786389584227,46.67882245696704,38387800
2016-03-11,46.80229949951172,46.80229949951172,46.19379144284717,46.74056694437932,32275700
2016-03-14,46.89048385620117,47.26088251920258,46.41426180973029,46.48481185343382,24083600
2016-03-15,47.2608757019043,47.2608757019043,46.51126435430468,46.52008184693134,21104800
2016-03-16,47.93112564086914,48.15160000603261,47.09332574458543,47.13741994478376,31691700
2016-03-17,48.20450973510742,48.50435497314463,47.622457609996545,47.80765524885649,28223900
2016-03-18,47.172691345214844,48.47789903648846,47.13741464335494,48.43380147707785,67625500
2016-03-21,47.498992919921875,47.56072546673163,46.6788280961105,46.961034985575544,23925700
2016-03-22,47.6841926574707,47.842934460297585,47.14623469946533,47.27852065654495,23124100
2016-03-23,47.59600067138672,47.83411335766297,47.39316468622651,47.719465761121505,20129000
2016-03-24,47.807647705078125,47.91347779415995,47.384337441263604,47.481346674169814,19950000
2016-03-28,47.21678161621094,47.87820458234107,47.03158399309558,47.807651184485024,17025100
2016-03-29,48.24860763549805,48.38089359579724,47.137418352837365,47.32261600591886,23924300
2016-03-30,48.54844284057617,49.068762351581015,48.41616027184878,48.44261611276006,23008300
2016-03-31,48.70719528198242,49.024678899135395,48.38089417065153,48.46026507493978,26360500
2016-04-01,49.00704574584961,49.04232245464734,48.12514821093899,48.54845862399543,24399200
2016-04-04,48.883575439453125,49.08641144724761,48.504359270567676,48.883575439453125,18928800
2016-04-05,48.11631393432617,48.768915998615995,48.02812219309042,48.67190676534214,19272300
2016-04-06,48.61017990112305,48.68073330234487,47.80765346516717,47.93993941037242,21188700
2016-04-07,48.02813720703125,48.42499175622435,47.825301185037446,48.3897150487023,19225100
2016-04-08,47.99284744262695,48.751279627152854,47.90465906198626,48.21332175839978,22167200
2016-04-11,47.89584732055664,48.636641245069036,47.88702646293078,48.05458911610726,21414200
2016-04-12,48.195701599121094,48.31034585638559,47.41080996762508,47.94876800185978,24944300
2016-04-13,48.81302261352539,48.89239351875762,48.40735059308147,48.61018660330343,20818000
2016-04-14,48.821842193603516,49.01586070446242,48.56609113186619,48.69837709184666,20877100
2016-04-15,49.07759094238281,49.31570027645116,48.601365545903015,48.768924838365955,28793800
2016-04-18,49.79192352294922,49.90657112030059,48.68955183657058,48.936485381955954,23786000
2016-04-19,49.73019027709961,50.06531220700587,49.10404397545817,49.94184711813813,29596800
2016-04-20,49.02467727661133,49.82720378711121,48.936488881063866,49.64200613795854,36195700
2016-04-21,49.192237854003906,49.58909237263858,48.87475423909616,49.20987620640675,38909100
2016-04-22,45.66463851928711,46.2378730773403,44.77392377720139,45.779286103731955,126834100
2016-04-25,45.95568084716797,45.97331920147653,45.53237043627887,45.6646530473349,33226900
2016-04-26,45.36479568481445,46.16732208942497,45.05613297695318,46.08795119823618,33532600
2016-04-27,44.923858642578125,45.417722466912515,44.5799191466302,45.40008411273928,43369300
2016-04-28,44.00667190551758,44.77392153242887,43.70682672104395,44.6416356059193,43134800
2016-04-29,43.9802131652832,44.315335048914484,43.52162620983273,43.52162620983273,48411700
2016-05-02,44.63282012939453,44.75628520548714,43.900843800886946,44.0948622714159,33114500
2016-05-03,43.900848388671875,44.45644465332126,43.742106598772054,44.394712108823704,26460200
2016-05-04,43.9802131652832,44.14777578918429,43.61863544173949,43.95375732537077,24257600
2016-05-05,44.04195022583008,44.359433794079365,43.85675259907508,43.98021768357841,25390700
2016-05-06,44.438804626464844,44.438804626464844,43.79501999801111,44.02431181689921,24787300
2016-05-09,44.1566047668457,44.61519184158106,44.09487221487861,44.52700344282,17951600
2016-05-10,44.99441146850586,45.064961520100425,44.26243491870156,44.385903396293095,22891000
2016-05-11,45.02085876464844,45.6646434224437,44.976764570256975,45.09141216701189,24039100
2016-05-12,45.42653274536133,45.691104651757364,44.90621315451215,45.15314670953702,24102800
2016-05-13,45.047325134277344,45.770480802613626,45.0120484274873,45.36480540287197,22592300
2016-05-16,45.708744049072266,45.82338828935096,44.756293238263495,44.80038743561465,20032000
2016-05-17,44.85619354248047,45.93963469663691,44.72298573041795,45.93075553091335,27803500
2016-05-18,45.122623443603516,45.41568338902323,44.669707999270194,44.82956011048171,24907500
2016-05-19,44.68746566772461,44.953884699675946,44.24343281857178,44.82067687755117,23842400
2016-05-20,44.95387649536133,45.4867178497195,44.75850438102772,44.82954786232144,23905800
2016-05-23,44.42992401123047,45.00716804694159,44.38552140564538,44.93612116784412,26118700
2016-05-24,45.81531524658203,45.92188219516301,44.758518152873606,45.02493721817717,34757900
2016-05-25,46.285980224609375,46.614566950670685,45.99292032491057,46.10836641900626,24040200
2016-05-26,46.08171844482422,46.16164447566502,45.61104481192895,46.117241878020366,24335200
2016-05-27,46.46360397338867,46.46360397338867,45.97516844423145,46.10837628616398,17721400
2016-05-31,47.06748580932617,47.06748580932617,46.25046692703486,46.41031564894667,37653100
2016-06-01,46.934261322021484,47.023069906538275,46.570154594755415,46.570154594755415,25324800
2016-06-02,46.60568618774414,46.83658516020979,46.037324698138995,46.747776560145425,22840800
2016-06-03,45.992919921875,46.55239883122498,45.82418528356495,46.516878780576874,23368300
2016-06-06,46.294864654541016,46.49023679969182,46.08172740163812,46.170536001890035,18243300
2016-06-07,46.268218994140625,46.82770130200628,46.268218994140625,46.39255103076758,20866800
2016-06-08,46.214942932128906,46.570167203266955,46.06396999142616,46.1971812104167,21149400
2016-06-09,45.84196472167969,46.17943074103637,45.726518583973146,46.17943074103637,20305700
2016-06-10,45.717628479003906,46.22382573061304,45.32688073374316,45.33575990144582,25833200
2016-06-13,44.52761459350586,45.04269433644784,43.568505378916555,44.03029995916395,83217800
2016-06-14,44.2523193359375,44.492094114776854,44.02142033658554,44.31448366937023,42577100
2016-06-15,44.12797164916992,44.50984006938219,44.12797164916992,44.20789767637019,33757600
2016-06-16,44.7496337890625,44.82068067704653,43.968134959748554,43.9770175145976,31188600
2016-06-17,44.51873016357422,44.785149170145345,44.24342860375323,44.767387451347076,45710500
2016-06-20,44.46544647216797,45.140378257933136,44.429923033401046,44.97164361764106,35607900
2016-06-21,45.460086822509766,45.673224103880116,44.54538013780429,44.580903582649704,34097800
2016-06-22,45.282466888427734,45.699855420974,45.24694345102336,45.36239292873684,28816800
2016-06-23,46.09949493408203,46.23270615740481,45.42456642557853,45.54001253890934,29028800
2016-06-24,44.2523193359375,45.238069503671774,43.97701772523389,44.23455761385642,133503000
2016-06-27,43.00901794433594,43.648426270291594,42.662672897010445,43.60402027944353,50216300
2016-06-28,43.90597152709961,43.932615804491114,43.2221604608881,43.44417690883851,38140700
2016-06-29,44.88283920288086,45.04269129245991,44.22566912486681,44.32335688935419,31304000
2016-06-30,45.44232940673828,45.557778919576165,44.847326893847786,45.04270247131152,28527800
2016-07-01,45.43344497680664,45.93076303107244,45.35351892143717,45.40680408758418,21400400
2016-07-05,45.44232940673828,45.54001719547015,45.060464195417545,45.14039026004339,24806400
2016-07-06,45.62881088256836,45.770901241210595,44.74962445942483,45.095969496883946,28167500
2016-07-07,45.62881088256836,45.83306556138523,45.353509330579676,45.66433093145289,19585200
2016-07-08,46.445831298828125,46.499116455658445,45.77978208310583,45.9396341658953,28391000
2016-07-11,46.703392028808594,46.9165293637484,46.596825055190195,46.62346595166904,22269200
2016-07-12,47.25398254394531,47.42271722171263,46.88099651715881,47.01420436056728,27317600
2016-07-13,47.5203857421875,47.83121071503382,47.227325874436566,47.56479172952355,25356800
2016-07-14,47.72465896606445,47.94667542250042,47.58256856945353,47.81346419355793,24545500
2016-07-15,47.68913269042969,47.95555174480486,47.25397897104533,47.911149133692675,32024400
2016-07-18,47.9200325012207,48.257498473117295,47.55592563786204,47.689136870577165,31433900
2016-07-19,47.14741516113281,47.86674970469803,47.00532476350661,47.69801502847158,53336500
2016-07-20,49.65175247192383,50.477653832636115,49.314286561986115,49.864889727595475,89893300
2016-07-21,49.55406188964844,49.93593038474863,49.51853845110387,49.713913975397425,32776700
2016-07-22,50.237884521484375,50.291169691694485,49.53631169171183,49.80273415506003,32157200
2016-07-25,50.37996292114258,50.388845474579725,49.962570989836706,50.149067347299855,25610600
2016-07-26,50.40660858154297,50.877285714958774,50.184592152402146,50.193474706680824,28079000
2016-07-27,49.90040969848633,50.442130309214384,49.829366205180314,50.27339904837358,32327500
2016-07-28,49.918174743652344,50.06026512743037,49.48302442545174,49.731681750137795,37550400
2016-07-29,50.33556365966797,50.40660715337519,49.77608132552837,49.962574307674316,30558700
2016-08-01,50.246761322021484,50.3977308721053,49.85601022730675,50.26451965568856,26003400
2016-08-02,50.246761322021484,50.530942088522046,50.00698316509252,50.48653609124849,35122000
2016-08-03,50.59310531616211,50.717433975332085,50.1668341757071,50.33556544348037,22075600
2016-08-04,50.966087341308594,51.08153682488569,50.326678986360555,50.44212846993764,26587700
2016-08-05,51.4722785949707,51.69429498303152,51.01936665391519,51.19698044190409,29335200
2016-08-08,51.56110382080078,51.58774471190029,51.31244308229679,51.56110382080078,19473500
2016-08-09,51.68541717529297,51.95183617042153,51.525565100675564,51.65877290438919,16920700
2016-08-10,51.525577545166016,51.791996604640275,51.34796370961579,51.64990621374053,15756900
2016-08-11,51.77423095703125,51.90744217051999,51.534452805372645,51.534452805372645,18162300
2016-08-12,51.45451736450195,51.67653375466451,51.17033665610998,51.534443400468525,21655200
2016-08-15,51.6143798828125,51.951845812716606,51.47228949985845,51.51669210933748,19283900
2016-08-16,51.32841873168945,51.48926711707918,51.176508261496856,51.480332610697914,20523500
2016-08-17,51.43564224243164,51.54287334011474,51.1407524627842,51.41776982468193,18856400
2016-08-18,51.471405029296875,51.5607671551299,51.17651853608926,51.310556611613976,14214300
2016-08-19,51.489280700683594,51.587577340888906,51.11396997497249,51.319497764121444,17271000
2016-08-22,51.5339469909668,51.60543667800779,51.16757086692146,51.47139521921388,15221900
2016-08-23,51.73052978515625,51.989674735174894,51.69478494884709,51.73946769864115,18732400
2016-08-24,51.78415298461914,51.864577171140134,51.57862526546896,51.65011153747895,18151500
2016-08-25,51.98074722290039,52.08798175328524,51.632243521189366,51.72160562984341,18552600
2016-08-26,51.85565185546875,52.45436614699202,51.55182745577405,52.07905204910261,20971200
2016-08-29,51.91819381713867,52.36499411989827,51.91819381713867,51.98968350181179,16417200
2016-08-30,51.73052978515625,51.99860923984458,51.480322748622505,51.81095396244427,16930200
2016-08-31,51.34629821777344,51.65012260877632,51.20332223429069,51.51608454172043,20860300
2016-09-01,51.46247100830078,51.667998786437586,50.94418090001239,50.94418090001239,26075400
2016-09-02,51.5339469909668,51.998619730285554,51.31054683218754,51.5339469909668,18900500
2016-09-06,51.4803352355957,51.65011813602365,51.122893603434086,51.63224571353397,16278400
2016-09-07,51.5250129699707,51.685861358512575,51.30161280908654,51.35523007487248,17493400
2016-09-08,51.319496154785156,51.64119300034468,51.096095946348456,51.49821700329785,20146100
2016-09-09,50.22929382324219,51.39991195097067,50.22929382324219,50.74758385819278,35113900
2016-09-12,50.97991943359375,51.122895409746924,49.69313564821517,50.04163937703753,29303000
2016-09-13,50.51524353027344,50.62247806235896,50.0863156283792,50.48843660166003,30130200
2016-09-14,50.27397918701172,50.6046139352478,50.06845141338245,50.390148244738356,24062500
2016-09-15,51.10503387451172,51.24800988112582,50.02377761144155,50.17569153592853,26847000
2016-09-16,51.158660888671875,51.49823024729267,50.71186035689308,51.49823024729267,44607000
2016-09-19,50.8726806640625,51.60543285791113,50.801190982313535,51.1765049938643,20937100
2016-09-20,50.76545333862305,51.2479950911756,50.711836073310145,51.2479950911756,17384000
2016-09-21,51.614376068115234,51.69480026923795,51.00673071485226,51.39097588819836,33707300
2016-09-22,51.6679801940918,51.82882855541729,51.49819732772172,51.757338879799136,19822200
2016-09-23,51.319496154785156,51.74842414592563,51.27481679486115,51.71267929445976,19955300
2016-09-26,50.84587478637695,51.06033701841527,50.78332301796446,51.00672316481354,21688700
2016-09-27,51.78415298461914,51.882449591346536,50.64927986762982,50.87268000698641,28065100
2016-09-28,51.85565185546875,51.88246219669998,51.533955031225375,51.721613784578295,20536400
2016-09-29,51.292694091796875,51.98076379936838,51.12290773561792,51.65907033207469,25463500
2016-09-30,51.471405029296875,51.62331893880474,51.2390703197641,51.44459809595524,29910800
2016-10-03,51.310546875,51.42671591213059,50.98885350949481,51.30161236852037,19189500
2016-10-04,51.14970016479492,51.471393519408004,50.908427592223276,51.17650709214207,20085900
2016-10-05,51.50714874267578,51.79310072139634,51.16757948963894,51.194389831205314,16726400
2016-10-06,51.59650802612305,51.703739160036015,51.185449096626826,51.59650802612305,16212600
2016-10-07,51.65011978149414,51.81096818020957,51.3105505610042,51.69479913473373,20089000
2016-10-10,51.864593505859375,52.17735243593557,51.7126795906676,51.74842444233822,18196500
2016-10-11,51.10503387451172,51.84672425238396,50.8369542882124,51.73055518175473,26497400
2016-10-12,51.033531188964844,51.176507149669966,50.39907557638682,51.033531188964844,22177500
2016-10-13,50.86375045776367,51.20331967990117,50.3275913986549,50.66716062079241,25313700
2016-10-14,51.310546875,51.596502214586664,51.042467366004395,51.042467366004395,27402500
2016-10-17,51.13182067871094,51.34628288548729,50.81905846467373,51.256924200799695,23830000
2016-10-18,51.5250129699707,51.78415797471216,51.30161280908654,51.40884393184248,19149500
2016-10-19,51.40885543823242,51.68587292690489,51.292689782919794,51.355241569262496,22878400
2016-10-20,51.158660888671875,51.399933584890526,50.6314361248202,51.38206115456127,49455600
2016-10-21,53.31222915649414,54.018174680298245,53.16031864086932,53.86626075585654,80032200
2016-10-24,54.509647369384766,54.509647369384766,53.55349481118448,53.562429319070716,54067000
2016-10-25,54.500709533691406,54.84027535369769,54.33092321487203,54.37560256920799,35137200
2016-10-26,54.17901611328125,54.68836828392944,54.0360401251838,54.33986452599294,29911600
2016-10-27,53.705406188964844,54.35773776631601,53.69647168093187,54.16114450142572,28479900
2016-10-28,53.49987030029297,54.08071209000267,53.240728700849786,53.624973846675736,33574700
2016-10-31,53.544559478759766,53.99135988859781,53.544559478759766,53.75902517536134,26434700
2016-11-01,53.43732452392578,53.63391778105557,52.945844789917665,53.58923842502145,24533000
2016-11-02,53.1067008972168,53.553501339960455,52.990531827634726,53.45520469714615,22147000
2016-11-03,52.91008758544922,53.29433609347844,52.82072889424894,53.196039487868795,21600400
2016-11-04,52.46330261230469,52.97265480008889,52.29351968598215,52.4096887454747,28697000
2016-11-07,53.991355895996094,54.080718016645434,53.41945195910572,53.41945195910572,31664800
2016-11-08,54.036041259765625,54.31305532506158,53.75008927756666,54.10752755090711,22935400
2016-11-09,53.7679557800293,54.14326986962942,52.9011653658693,53.616045287945305,49632500
2016-11-10,52.4543571472168,54.05390307731151,51.49820475521959,54.04496516216246,57822400
2016-11-11,52.740318298339844,52.829677012565355,51.83777960410656,52.034372865982405,38767800
2016-11-14,51.93606948852539,52.79392871420962,51.18544479656169,52.740311447349356,41328400
2016-11-15,52.96165466308594,53.519432341876715,52.466854761834625,52.475853057987884,35904100
2016-11-16,53.66337585449219,53.67237071907937,52.90768025092044,53.02463064977657,27332500
2016-11-17,54.554019927978516,54.83290880110581,53.95126442289533,54.34710370540467,32132700
2016-11-18,54.293121337890625,55.003835781109096,54.24814014960287,54.679965734485755,27686300
2016-11-21,54.75193786621094,54.85089853861996,54.35609517657484,54.428067822634006,19652600
2016-11-22,54.985836029052734,55.11178471390065,54.70695063598787,54.85988734420483,23206700
2016-11-23,54.33811950683594,54.96786316357586,54.20317247647993,54.88689563173137,21848900
2016-11-25,54.455047607421875,54.455047607421875,54.09519472712236,54.24813142908472,8409600
2016-11-28,54.52702713012695,54.89587835233548,54.16717077252833,54.28412460352457,20732600
2016-11-29,54.958858489990234,55.246742233659525,54.44606535708901,54.5630192004062,22366700
2016-11-30,54.212158203125,55.039826548190284,54.17617530869648,54.75194280169235,34655400
2016-12-01,53.258548736572266,54.113205177125316,53.02464102938331,54.07721884804313,34542100
2016-12-02,53.30351257324219,53.501433886894134,52.89867508251963,53.15057587221595,25515700
2016-12-05,54.176170349121094,54.509035257066174,53.58240974734449,53.708358445926706,23552700
2016-12-06,53.93325424194336,54.39206773298869,53.798307280659785,54.36507971346949,19907000
2016-12-07,55.210750579833984,55.21974887636808,53.7983200263063,53.98724307138704,30809000
2016-12-08,54.88687515258789,55.39967161750109,54.73393844496997,55.14777081694767,21220800
2016-12-09,55.75054168701172,55.76853485035444,54.994845985842325,55.03982717827664,27349400
2016-12-12,55.93045425415039,56.047408074439254,55.52562017872108,55.615582543962205,20198100
2016-12-13,56.659175872802734,57.05501518299163,55.99344596785571,56.22735023482072,35718900
2016-12-14,56.389286041259766,57.082007417349985,56.25433902613168,56.67716980381088,30352700
2016-12-15,56.299312591552734,56.81210565734126,56.047411774926374,56.40726812333862,27669900
2016-12-16,56.04740905761719,56.632174737475154,55.885474051867114,56.632174737475154,42453100
2016-12-19,57.23492431640625,57.36987128473639,56.15535886529701,56.281310970598994,34338200
2016-12-20,57.162967681884766,57.39687192231601,56.70415063418292,57.297911248033465,26028400
2016-12-21,57.162967681884766,57.30690954488354,56.78511814661003,57.06400700760222,17096300
2016-12-22,57.17195510864258,57.66675498383559,57.04600642388556,57.43285077383601,22176600
2016-12-23,56.89308166503906,57.16297225075274,56.49723893627035,57.082004731854134,12403800
2016-12-27,56.929073333740234,57.63978795007003,56.86609896842955,56.86609896842955,11763200
2016-12-28,56.66816711425781,57.03701834859445,56.52422525285436,57.03701834859445,14653300
2016-12-29,56.58719253540039,56.85708306284392,56.434252396347695,56.551206216582784,10250600
2016-12-30,55.90346908569336,56.668162956669505,55.804508419768084,56.64117150024343,25579900
2017-01-03,56.299312591552734,56.53321681572955,55.89447505755009,56.488235630139144,20694100
2017-01-04,56.04740905761719,56.45224657199237,55.885474051867114,56.20934406336726,21340000
2017-01-05,56.04740905761719,56.371279069117335,55.80450654899208,55.94844839500944,24876000
2017-01-06,56.5332145690918,56.812103399620426,55.81350533271314,56.047409547594576,19922900
2017-01-09,56.353294372558594,56.74913708243749,56.26333199222875,56.46124991532337,20382700
2017-01-10,56.335304260253906,56.74014185734675,56.029427345988765,56.43426494308161,18593000
2017-01-11,56.84810256958008,56.88408889966704,56.164379457154396,56.326314510700406,21517300
2017-01-12,56.32630157470703,57.037015987396735,55.73254099201749,56.73113911559639,20968200
2017-01-13,56.40727233886719,56.560209067673014,56.09239715251354,56.33529969106816,19422300
2017-01-17,56.25432205200195,56.40726218512211,55.80450337976309,56.389269026411256,20664000
2017-01-18,56.22734069824219,56.407268874845464,55.88547750588041,56.38027741765603,19670100
2017-01-19,56.04740905761719,56.65916276115206,55.95744669079795,55.993433010263374,18451700
2017-01-20,56.4432487487793,56.51521795209254,56.11038045894262,56.380270977094526,30213500
2017-01-23,56.641170501708984,56.785112350014245,56.29031246095518,56.40726628515457,23097600
2017-01-24,57.14496994018555,57.342891272888366,56.62317858373064,56.85708623726023,24672900
2017-01-25,57.28892135620117,57.6667674924315,57.08200512466861,57.531823914568534,23672700
2017-01-26,57.819698333740234,58.062604299166274,57.17196167603456,57.68475820149169,43554600
2017-01-27,59.178157806396484,59.29511508236867,58.37748092428033,58.82729970585974,44818000
2017-01-30,58.5933837890625,59.18714779193342,58.29650865131598,59.097185420989355,31651400
2017-01-31,58.16157150268555,58.611390297194035,57.81071339206414,58.3504945727363,25270500
2017-02-01,57.19895553588867,58.13457938633462,57.099994858958546,57.90067170780073,39671500
2017-02-02,56.83010482788086,57.046019359169236,56.45225868793251,56.90207748225867,45827000
2017-02-03,57.28892135620117,57.30691451961857,56.74014188342807,57.12698631728961,30301800
2017-02-06,57.252925872802734,57.26192416899483,56.80310715484314,57.12697718086916,19796400
2017-02-07,57.06401062011719,57.37888239290893,56.884082422016945,57.34289949876482,20277200
2017-02-08,56.983028411865234,57.40585905361482,56.875072893574895,57.189944585190084,18096400
2017-02-09,57.63078308105469,57.97264976550277,56.96505317170934,57.144981380018535,22644400
2017-02-10,57.57680130004883,57.84669530161864,57.55880813782119,57.801710680127144,18170700
2017-02-13,58.224544525146484,58.350493235627525,57.69375479067073,57.79271547229011,22920100
2017-02-14,58.44175338745117,58.57751848307745,57.943950338588024,58.29694234933619,23108400
2017-02-15,58.40554428100586,58.441748763995285,58.07066489762698,58.378392645088546,17005200
2017-02-16,58.39649963378906,59.04816660850575,58.3240975629428,58.59562086554139,20546300
2017-02-17,58.48701858520508,58.55037471764287,58.19738956473225,58.35125347132394,21248800
2017-02-21,58.369346618652344,58.785687863732946,58.33314213143231,58.47796008031245,20655900
2017-02-22,58.2516975402832,58.278849184186356,57.97112134621578,58.22454589638004,19292700
2017-02-23,58.48701858520508,58.58657920836453,58.097828941572786,58.30599613159672,20273100
2017-02-24,58.48701858520508,58.64993534080232,58.052571601845564,58.405556754756184,21796800
2017-02-27,58.134029388427734,58.41460554037783,57.97111264416315,58.41460554037783,15871500
2017-02-28,57.90775680541992,58.106874598104504,57.70863556008509,57.99826803177678,23239800
2017-03-01,58.776649475097656,58.82189991096355,57.94395997261621,58.043520598942244,26937500
2017-03-02,57.93490982055664,58.6046756083104,57.81724695684039,58.55037232709531,24539600
2017-03-03,58.15214157104492,58.17929321712477,57.58193283481229,57.916819248834294,18135900
2017-03-06,58.170223236083984,58.4327005797282,57.75388545908079,57.89869994994487,18750300
2017-03-07,58.287899017333984,58.63183133114286,58.09783061454744,58.09783061454744,18521000
2017-03-08,58.82189178466797,58.90335360645377,58.1521260407949,58.161178888837725,21510900
2017-03-09,58.586570739746094,59.01195790731031,58.36029788441852,59.002911964912876,19846800
2017-03-10,58.76759338378906,59.06627524628986,58.60467663199775,58.93051013558037,19538200
2017-03-13,58.56847381591797,59.002920801544086,58.44176155038131,58.84000404509686,20100000
2017-03-14,58.296939849853516,58.423652092258685,58.06161415454421,58.405546397458345,14280200
2017-03-15,58.604679107666016,58.758543017163014,58.15213332305083,58.42366355594021,24833800
2017-03-16,58.505126953125,58.61374044306618,58.197399089577495,58.604687592579,20674300
2017-03-17,58.71328353881836,59.04816294846279,58.54131395745526,58.74948802464741,49219700
2017-03-20,58.76759338378906,58.993866266538085,58.577524990915926,58.7494945915013,14598100
2017-03-21,58.11592102050781,59.283489816522625,58.04351204742944,59.002913677468584,26640500
2017-03-22,58.858097076416016,58.95765769034914,58.034467431050935,58.034467431050935,20680000
2017-03-23,58.71328353881836,59.04816294846279,58.62276887159592,58.7766396626943,19269200
2017-03-24,58.812870025634766,59.238257384368474,58.613748718613266,59.156802434388396,22617100
2017-03-27,58.92144775390625,59.03006120596139,58.24262921548498,58.49605369831437,18614700
2017-03-28,59.09342956542969,59.25634632460424,58.514171511764786,58.794747689392906,20080400
2017-03-29,59.25634765625,59.28349929917248,58.78569616125756,58.93956697998635,13618400
2017-03-30,59.473567962646484,59.71794656060944,59.15678728501013,59.211090571090395,15122800
2017-03-31,59.60934066772461,59.90802258977154,59.23824975149022,59.41927223695886,21040300
2017-04-03,59.328765869140625,59.68175109263924,59.002932292787754,59.56408474793842,20400900
2017-04-04,59.49167251586914,59.564074594148245,59.08437716220807,59.18393778830517,12997400
2017-04-05,59.337806701660156,60.052829937861475,59.229200122435515,60.00757949828498,21448600
2017-04-06,59.49167251586914,59.7903474888597,59.265399621157684,59.37400619122671,18103500
2017-04-07,59.44641876220703,59.69984331472911,59.22919870365971,59.60028268262384,14108500
2017-04-10,59.31064987182617,59.57312725750843,59.15678596117473,59.383058855180046,17952700
2017-04-11,59.26539993286133,59.38305935282184,58.69518781579697,59.37400650350156,18791500
2017-04-12,59.039127349853516,59.292551889758194,58.93051387333687,59.211090056045514,17108500
2017-04-13,58.78567886352539,59.60931528475607,58.78567886352539,59.093413505130954,17896500
2017-04-17,59.26539993286133,59.274445876880826,58.840005783718325,58.867157426378384,16689300
2017-04-18,59.183929443359375,59.47355843154027,58.97576227654486,59.129626165981634,15155600
2017-04-19,58.86715316772461,59.50976731695993,58.73138805894526,59.41925954620712,26992800
2017-04-20,59.28349685668945,59.50976974545544,58.95766334444238,59.247292365850825,22299500
2017-04-21,60.09807586669922,60.36959916848445,59.23823481446262,59.437356045618465,32522600
2017-04-24,61.1208381652832,61.23850449945639,60.73164847864384,61.07558772585616,29770000
2017-04-25,61.47381591796875,61.58242938899218,61.184186900540055,61.45571712544841,30242700
2017-04-26,61.392356872558594,61.826796916888505,61.202288490001756,61.618629743026254,26190800
2017-04-27,61.79059982299805,61.8901604503415,61.16609132138102,61.68199325156943,34971000
2017-04-28,61.96257781982422,62.578040460642676,61.26566023941153,62.36987323370068,39548800
2017-05-01,62.822410583496094,62.94912285368625,61.99877392195924,62.16169068438956,31954400
2017-05-02,62.72282791137695,63.09391174213975,62.56895714711101,63.09391174213975,23906100
2017-05-03,62.52371597290039,62.79523925147362,62.18882966683072,62.79523925147362,28928000
2017-05-04,62.279335021972656,62.52371355908333,62.12547114619135,62.47845622841864,21749400
2017-05-05,62.45132827758789,62.478479924164645,61.989729569877746,62.36082048723145,19128800
2017-05-08,62.397010803222656,62.49657142157774,61.92635935185312,62.42416244362855,18566100
2017-05-09,62.48752212524414,62.70474216613984,62.16168861125029,62.32460536824721,22858400
2017-05-10,62.73188018798828,62.95815302883983,62.378895108683786,62.44225122791026,17977800
2017-05-11,61.96257781982422,62.20695644921045,61.654849952065874,61.87207002961893,28789400
2017-05-12,61.89014434814453,62.09831839805599,61.58241660209173,62.09831839805599,18714100
2017-05-15,61.93540573120117,61.980663064017286,61.15702656280044,61.67292839252655,31530300
2017-05-16,63.182518005371094,63.20982528549012,62.044668367857994,62.10838766976341,34956000
2017-05-17,61.42566680908203,62.900315228619704,61.380150053837276,62.70915735737896,30548800
2017-05-18,61.6350212097168,62.017336914945076,61.11616219694095,61.35283680036465,25201300
2017-05-19,61.61680603027344,61.9900169197669,61.380131475424115,61.44385074655128,26961100
2017-05-22,62.308631896972656,62.35414865204364,61.44386910967804,61.798877575610085,16237600
2017-05-23,62.51800537109375,62.58172466750537,62.24491870368257,62.55441738974074,15425800
2017-05-24,62.59992218017578,62.70005348719794,62.30863299926093,62.6909556919282,14593900
2017-05-25,63.37366485595703,63.6103325389588,62.72736720797804,62.78198175868894,21854100
2017-05-26,63.68318557739258,63.91986031308105,63.28266017005593,63.53754439419698,19827900
2017-05-30,64.0927963256836,64.0927963256836,63.510210934616445,63.52842041755633,17072800
2017-05-31,63.573917388916016,64.39317033359411,63.546610114907,64.20201247064946,30436400
2017-06-01,63.810569763183594,64.27481409416345,63.21888690132756,63.93800829405978,21603600
2017-06-02,65.32164001464844,65.41266654940455,63.93801168478958,64.12007169918124,34770300
2017-06-05,65.79498291015625,66.3502538068232,65.36715055257226,65.51279856574106,33316800
2017-06-06,66.01344299316406,66.10447646695047,65.78587319845602,65.81318740751932,31511100
2017-06-07,65.89513397216797,66.24103769000408,65.49460876055025,66.12270385242684,22301800
2017-06-08,65.49459838867188,66.0134573556991,65.0849754470274,66.00435956224426,24588300
2017-06-09,64.01082611083984,65.61291927332385,62.43604021020799,65.57650727589485,49187400
2017-06-12,63.51930618286133,63.66495424508112,62.01734352940846,63.03685913030149,47761700
2017-06-13,64.31126403808594,64.46600992475133,63.68316880471292,63.73778336591643,25258600
2017-06-14,63.9653205871582,64.72085404023373,63.200689341789925,64.5479057032364,25510700
2017-06-15,63.628543853759766,63.91072830041158,62.62723770752499,63.0550632752325,26068700
2017-06-16,63.71955871582031,63.74686598694617,63.00954188702495,63.473786330806824,48345100
2017-06-19,64.51152038574219,64.57523968254814,64.03817108528439,64.174714419835,23798300
2017-06-20,63.637638092041016,64.51150550880776,63.60122608156562,64.4659887594933,21512200
2017-06-21,63.9653205871582,64.2839238842746,63.66493370926616,63.91070605388322,19891100
2017-06-22,63.95621871948242,64.25660557823339,63.455562380098876,64.21109578503072,22965700
2017-06-23,64.82099914550781,64.857411157087,63.64673781538324,63.80148365593395,27617300
2017-06-26,64.20203399658203,65.27616445199203,64.12011214708785,64.99397993277812,19607000
2017-06-27,63.00044631958008,63.88341858721799,62.97313904447899,63.81969929702153,25215100
2017-06-28,63.53752517700195,63.57393025312624,62.61814074499865,63.00045654824969,25806200
2017-06-29,62.345035552978516,63.25531497329601,61.98092239587535,63.15518368147062,28918700
2017-06-30,62.74557113647461,63.15519416566538,62.57261579554065,62.60902781178369,24161100
2017-07-03,62.05375289916992,63.35545288401075,61.917209582881135,63.10968047059619,16165500
2017-07-05,62.88210678100586,63.20980794228721,62.09926588959833,62.13567790139416,21176300
2017-07-06,62.417877197265625,62.60903509612065,62.00825412041667,62.14479051611113,21117600
2017-07-07,63.22798538208008,63.57388893953798,62.53617132228589,62.53617132228589,16878300
2017-07-10,63.70135498046875,63.947127360841236,62.99133122020025,63.22800580695642,15014500
2017-07-11,63.71046447753906,64.33855959647583,63.49199932764528,63.719569217708525,17460000
2017-07-12,64.76639556884766,64.88472941785916,64.22022919242815,64.34766778209662,17750900
2017-07-13,65.33074188232422,65.57652118086588,64.9120142404205,65.08496952866243,20269800
2017-07-14,66.2501220703125,66.69615695398109,65.50369337024529,65.75857044662735,25868100
2017-07-17,66.76900482177734,66.86003138946184,66.19553119497131,66.26835522707168,21803900
2017-07-18,66.72348022460938,66.80540203390714,66.14090198666828,66.53231544648708,26435300
2017-07-19,67.23326873779297,67.3971193848382,66.8600506742906,66.90556744370248,22416200
2017-07-20,67.56095886230469,67.63378290337042,66.70529374198941,67.52454684177182,42361000
2017-07-21,67.16952514648438,67.62466489653924,66.605149356259,66.8600265051087,46717100
2017-07-24,66.9965591430664,67.13310243530071,66.56872673500973,66.93283986600777,21394800
2017-07-25,67.53365325927734,67.64288237870414,66.90555804304135,67.17864473137429,22018700
2017-07-26,67.40619659423828,67.706583537052,67.18772452416144,67.67017152537252,16252200
2017-07-27,66.59605407714844,67.74300129029646,65.83141565683472,67.1422204088687,36844200
2017-07-28,66.48681640625,66.73258881880268,66.03167665013784,66.15001048656964,18306700
2017-07-31,66.17732238769531,66.85093427415315,65.91334742218959,66.7234956891221,23600100
2017-08-01,66.0680923461914,66.83272384553197,65.98616357418668,66.54143466318101,22132300
2017-08-02,65.77680969238281,66.04988942144473,65.03038065446806,66.04079162522716,26499200
2017-08-03,65.67668151855469,65.94066346403459,65.40359483153881,65.71309353981567,18214400
2017-08-04,66.15911865234375,66.4868198493052,65.75859342386156,65.90424148690305,22579000
2017-08-07,65.90422058105469,66.3593602163591,65.77678203875983,66.26833367827416,18705700
2017-08-08,66.25923156738281,66.56872319811518,65.31254025503915,65.62203188577152,22044600
2017-08-09,65.96795654296875,66.00436855639138,65.58564081935323,65.76769394158497,22213400
2017-08-10,65.0030746459961,65.71309167826413,64.9484531432105,65.44910974026244,24734500
2017-08-11,65.99525451660156,66.17730761317793,64.8847125707965,65.18510643053992,21443700
2017-08-14,66.98747253417969,67.10581332708753,66.4048941448682,66.50502545661382,20096600
2017-08-15,67.0057601928711,67.34435352367521,66.84103665992691,67.34435352367521,19181400
2017-08-16,67.39929962158203,67.81110516828953,66.96003432079362,67.11560468449333,18150400
2017-08-17,66.25535583496094,67.60059688334267,66.25535583496094,67.33520857608055,22977500
2017-08-18,66.33769989013672,66.65799364682691,65.82522987943241,66.13637039110853,18761500
2017-08-21,66.0265884399414,66.32858282140596,65.61477601561246,66.3194295723631,17734800
2017-08-22,66.95087432861328,67.02407937883584,66.20961472183424,66.20961472183424,14343700
2017-08-23,66.54821014404297,66.94171605975373,66.37433332629912,66.76783924200988,13766500
2017-08-24,66.520751953125,66.67632226058251,65.95336926595444,66.56650422961584,17098300
2017-08-25,66.63972473144531,67.12474221164803,66.32858407693168,66.67633074642634,12794300
2017-08-28,66.64887237548828,66.88680098003003,66.39263727405385,66.8593482165739,14569700
2017-08-29,66.8502197265625,66.95088454059197,65.9350901313016,66.11811325759989,11478400
2017-08-30,67.72870635986328,67.91172938633787,66.64885374714898,66.81357726372848,16897800
2017-08-31,68.42418670654297,68.59806343663756,67.53651751334121,67.74699325641187,27652800
2017-09-01,67.6646499633789,68.39674907670276,67.39010843220673,68.36929631996178,21736200
2017-09-05,67.36266326904297,67.61889833668494,66.78613436684854,67.11557446675825,21556000
2017-09-06,67.17049407958984,67.7561762910291,67.12473482043131,67.48163469984327,16535800
2017-09-07,68.03072357177734,68.26865919633092,67.35352969776915,67.42674173330624,17471200
2017-09-08,67.7012710571289,68.12222971204623,67.57314652730973,68.02156492697006,14703800
2017-09-11,68.41510009765625,68.57982372719506,68.00328753286635,68.00328753286635,17910400
2017-09-12,68.34185791015625,68.8543280952534,68.05817005510356,68.41506993142231,14394900
2017-09-13,68.82685852050781,68.84516501229395,68.22287694730315,68.57062349054942,13380800
2017-09-14,68.42418670654297,69.08308065018605,68.19540447510467,68.63466943149325,15733900
2017-09-15,68.91838073730469,68.99159275205768,67.78362243616115,68.47912261255068,38578400
2017-09-18,68.7811279296875,69.52238049735412,68.67130989000673,68.84518670736384,23307000
2017-09-19,69.03736877441406,69.28445065686373,68.6438628268952,68.82688592634801,16093300
2017-09-20,68.5798110961914,69.1380406833759,68.00327500804887,68.95501058321778,21587900
2017-09-21,67.91172790527344,68.85430973663489,67.82021639403189,68.73534547020894,19186100
2017-09-22,68.09475708007812,68.18626859020485,67.58228005598326,67.71039756653681,14111400
2017-09-25,67.04238891601562,67.94836516326498,66.73124125640553,67.80194109241694,24149200
2017-09-26,67.04238891601562,67.54570595031683,66.79530004193055,67.41758837926679,18019600
2017-09-27,67.58229064941406,67.8751317168504,66.9600025083766,67.30775607600098,19565100
2017-09-28,67.60060119628906,67.69211272624648,67.08812406113964,67.29860686373564,10883800
2017-09-29,68.16799926757812,68.21375853853202,67.60976967498617,67.66468219650774,17079100
2017-10-02,68.27779388427734,68.64384698056384,67.9941060510493,68.36930541287845,15304800
2017-10-03,67.95750427246094,68.52487997422675,67.89344550026536,68.33270365764002,12190400
2017-10-04,68.35102081298828,68.37847357937015,67.45419088050683,67.80193755781649,13317700
2017-10-05,69.52236938476562,69.65964016695418,68.59808689870346,68.83602245570484,21195300
2017-10-06,69.54984283447266,69.5772956027006,69.12888409724799,69.2478484201971,13959800
2017-10-09,69.81523132324219,70.05316695134064,69.42172535372264,69.5223901586149,11386500
2017-10-10,69.81523132324219,70.1263720060844,69.67796050003601,69.8518373415561,13944500
2017-10-11,69.9341812133789,69.9707872241381,69.50406931431165,69.87927568818144,15388900
2017-10-12,70.57477569580078,70.73034600460169,69.88842870556813,69.99823975560047,16876500
2017-10-13,70.91337585449219,71.26112949785659,70.7303527656881,71.00488739889423,15335700
2017-10-16,71.05979919433594,71.2062162675258,70.78525758201552,70.84931636063918,12380100
2017-10-17,71.00487518310547,71.03233492539684,70.69373458929097,70.8950641414684,16824000
2017-10-18,71.023193359375,71.24282246065434,70.80356425809566,71.07809888922402,13300700
2017-10-19,71.29773712158203,71.31603663812224,70.78525989397116,70.98658948533078,15092800
2017-10-20,72.12134552001953,72.26776957479606,71.58142252726826,71.672934070562,22866400
2017-10-23,72.1396255493164,72.60633634344022,72.07556679432604,72.28604256848838,20627200
2017-10-24,72.16706085205078,72.47820130622428,71.80100791982157,72.20366684346159,17517200
2017-10-25,71.95662689208984,72.38673885518662,71.38925109556533,71.91087460824183,20410800
2017-10-26,72.07561492919922,72.67959688220213,72.06646167755036,72.4782672372394,32120700
2017-10-27,76.69698333740234,78.88414177558407,76.51396027268817,77.20946048599035,71066700
2017-10-30,76.77018737792969,77.17284645671461,76.05638772508851,76.59631059720316,31756700
2017-10-31,76.12045288085938,77.20030569764211,76.05639411129948,77.20030569764211,27086600
2017-11-01,76.12045288085938,76.65122953257409,75.84591130738426,76.57801751539643,22307400
2017-11-02,76.91661071777344,77.29181005268292,76.06554029726951,76.27601609976269,23992900
2017-11-03,76.99899291992188,77.36504610369332,76.32179906816916,76.94408738601548,17633500
2017-11-06,77.30096435546875,77.51144016083727,76.94406452733806,77.05387556252799,19860900
2017-11-07,77.1179428100586,77.69447873575201,76.80680220028576,77.57550745870037,17939700
2017-11-08,77.38335418701172,77.4291134582549,76.71531351092233,76.99900144335334,18034200
2017-11-09,76.95320129394531,77.11792480827995,75.86420243206493,76.97150778547184,21178400
2017-11-10,76.75189208984375,76.96236790578645,76.1662099331341,76.67868007478454,19397800
2017-11-13,76.80680084228516,76.81595409002324,76.37668896306538,76.55971900841546,14196900
2017-11-14,76.91661071777344,76.96236298785033,75.93742277004368,76.41328687375653,18801300
2017-11-15,76.31880950927734,76.97181363903799,76.05208832665163,76.76947294760143,19383100
2017-11-16,76.52113342285156,76.72347408847787,76.28200992433536,76.42916230673407,20962800
2017-11-17,75.78534698486328,76.44755015634472,75.63818760589167,76.44755015634472,22079000
2017-11-20,75.90491485595703,75.96009611906116,75.64739293887646,75.78535311358276,16315000
2017-11-21,76.9993896484375,77.10975217411249,76.09805592606476,76.09805592606476,21237500
2017-11-22,76.43833923339844,77.1649227676579,76.37395876919541,77.10054230345487,20553100
2017-11-24,76.5763168334961,76.73266842264175,76.1348456804982,76.3463855493598,7425600
2017-11-27,77.1373519897461,77.23852231908796,76.61310892722281,76.62230112665671,18265200
2017-11-28,78.06626892089844,78.23181973009254,77.27530472329842,77.32129378799804,21926000
2017-11-29,76.64988708496094,78.103054438765,76.50273471658413,77.90991300823849,27381100
2017-11-30,77.41328430175781,77.73518678449203,76.6499105448825,76.80626919388013,33054600
2017-12-01,77.49604034423828,78.00188494855837,76.53952538026468,76.88901839871924,29532100
2017-12-04,74.57134246826172,77.6524213760098,74.22184230033042,77.64322215660412,39094900
2017-12-05,75.04034423828125,76.04284793478142,74.47931855708885,74.81041303468272,26152300
2017-12-06,76.1348648071289,76.46596650082034,74.89323696425987,75.00360653447291,26162100
2017-12-07,75.86811828613281,76.1532378264491,75.41745497117172,75.91410734594216,23184500
2017-12-08,77.4040756225586,77.79035851960909,76.64070202818762,76.91661537596096,24489100
2017-12-11,78.38817596435547,78.516936921277,77.3672805080877,77.52363209621443,22857900
2017-12-12,78.71009063720703,79.14236263872172,78.25022800018237,78.46176088372341,23924100
2017-12-13,78.49855041503906,79.09637324411068,78.33299958571072,78.85724270909265,22062700
2017-12-14,77.89155578613281,78.97683216998749,77.74439633621073,78.57215069965052,19306000
2017-12-15,79.87814331054688,80.09887542445843,78.0662832921939,78.4157834075802,53936700
2017-12-18,79.44585418701172,80.47594885850104,79.3079010310967,80.1264558352732,22283800
2017-12-19,78.94001007080078,79.41826405384558,78.42495922335338,79.41826405384558,23524800
2017-12-20,78.65487670898438,79.37226808311996,77.90990172527762,79.28028997214088,23674900
2017-12-21,78.63653564453125,79.18836957899777,78.5445644916117,79.14238751101259,17990700
2017-12-22,78.64572143554688,78.75608399342542,78.1030797971681,78.54455107952623,14145800
2017-12-26,78.5445556640625,78.66411744772557,78.20425471786214,78.46177672387392,9891200
2017-12-27,78.82966613769531,79.07799593446582,78.37900263960022,78.77448485705662,14678000
2017-12-28,78.83883666992188,79.03197809882766,78.68248508703799,79.00438746854765,10594300
2017-12-29,78.67330169677734,79.1423635567285,78.636511843355,78.75607360426734,18717400
2018-01-02,79.05037689208984,79.3814785202471,78.63650336536644,79.21592770616847,22483800
2018-01-03,79.41827392578125,79.56543333390027,79.06878085691875,79.15155276127561,26061400
2018-01-04,80.11726379394531,80.62311546742032,79.62061133733707,79.63900275412412,21912000
2018-01-05,81.11058807373047,81.31292879143285,80.41159478083537,80.623134717601,23407100
2018-01-08,81.19335174560547,81.46927215388531,80.56793823485897,81.11977203447118,22113000
2018-01-09,81.13815307617188,81.60721486291023,80.80705146399727,81.5336351675501,19484300
2018-01-10,80.77025604248047,81.11055684732791,80.39317240943724,80.80704588762171,18652200
2018-01-11,81.00939178466797,81.05537383136951,80.23681902045526,81.05537383136951,17808900
2018-01-12,82.40737915039062,82.57292997235957,81.3496937331972,81.55203440637554,24271500
2018-01-16,81.25769805908203,83.50182918609373,80.94499494371523,82.86721672415644,36599700
2018-01-17,82.9040298461914,83.03279081420175,81.62561236598411,81.92912336927127,25621200
2018-01-18,82.86723327636719,83.3914763227422,82.46255898841102,82.59131994598062,24159700
2018-01-19,82.77528381347656,83.33631685401261,82.46258055387167,82.90404480471948,36875000
2018-01-22,84.25601959228516,84.26521880831598,82.53613107570501,82.77526157388553,23601600
2018-01-23,84.52274322509766,84.89063469082292,84.19164160763953,84.52274322509766,23412800
2018-01-24,84.44916534423828,85.92992343833319,84.22843326683576,85.12056780989315,33277500
2018-01-25,84.9182357788086,85.75518212486476,84.55034426778468,85.04699675512492,26383200
2018-01-26,86.50934600830078,86.50934600830078,85.1481567056461,85.644809132381,29172200
2018-01-29,86.3805923461914,87.78777083236298,86.19665010605726,87.50265825507105,31569900
2018-01-30,85.29530334472656,86.141455764997,84.70667984528792,85.81035416944457,38635100
2018-01-31,87.38308715820312,87.74177939997817,86.00349945385425,86.22423152180521,48756300
2018-02-01,86.69329071044922,88.35799091176672,86.06787735585796,87.1807438953469,47227900
2018-02-02,84.41236114501953,86.42656118262249,84.15483926233779,86.12305024219971,47867800
2018-02-05,80.93582916259766,85.7551879343525,80.93582916259766,83.29032376554096,51031500
2018-02-06,83.99850463867188,84.13646482278153,78.40657370940603,79.91492248392628,67998600
2018-02-07,82.41656494140625,84.40316746446057,82.03947429064971,83.22592048532535,41107600
2018-02-08,78.18582153320312,82.66487763874008,77.95589029108909,82.50852607816925,55628700
2018-02-09,81.10136413574219,81.79115799933142,77.10056113031386,79.37228337711242,63499100
2018-02-12,81.9751205444336,82.57294344446679,80.8714528958706,81.61642820780324,35720300
2018-02-13,82.61892700195312,82.77527862194945,80.75188572908073,81.79117281234417,26407700
2018-02-14,83.91259002685547,84.07891853934308,81.6948859268999,81.78728908941315,34960900
2018-02-15,85.62206268310547,85.67750315925178,83.737008945143,84.28219242700305,27823900
2018-02-16,85.01219177246094,86.39826011657715,84.82738547987537,85.42800945573254,30596900
2018-02-20,85.67750549316406,85.99167759976208,84.09738843077885,84.53169097217695,30911700
2018-02-21,84.54092407226562,86.26889176168585,84.54092407226562,85.91775699614882,26922500
2018-02-22,84.76270294189453,85.68674850866587,84.42080354422218,85.05839724126503,24392800
2018-02-23,86.91571807861328,86.92496050765173,85.3448435376494,86.4906579916455,26329200
2018-02-26,88.17243194580078,88.20015218659692,87.09130025529929,87.22990850918865,30199800
2018-02-27,87.04508972167969,88.56052388983453,87.04508972167969,88.4681207429779,25869100
2018-02-28,86.64776611328125,88.440417108482,86.51840027341207,87.6364947750868,31167300
2018-03-01,85.79763793945312,87.38699759927515,84.86434985085366,86.85104942563119,37135600
2018-03-02,85.98241424560547,86.07481736160565,83.9587528706441,84.62406658569473,32830400
2018-03-05,86.52761840820312,87.10976452415015,85.25243818045402,85.3263564611165,23901600
2018-03-06,86.23192596435547,87.31305750971401,85.88079121156342,87.17444927443293,22175800
2018-03-07,86.73091125488281,86.80483658691256,85.40952590695882,86.08408222439178,26716100
2018-03-08,87.25762176513672,87.87673059305398,86.64774831680646,87.10977109284765,25887800
2018-03-09,89.20734405517578,89.20734405517578,87.78431328851005,88.0522873013796,36937300
2018-03-12,89.41989135742188,89.82647368533773,88.74534200418903,89.17040214250625,26073700
2018-03-13,87.2391357421875,89.85417905043514,86.83255348158178,89.63241011278994,35387800
2018-03-14,86.72167205810547,88.16318788678146,86.39825753080598,87.89521383561674,32132000
2018-03-15,87.02659606933594,87.39621563938248,85.77913618909744,86.42596514924868,27611000
2018-03-16,87.4146957397461,88.13545004280522,86.78634456914712,87.48862106567705,49081300
2018-03-19,85.83458709716797,86.7678750388219,85.11383272536094,86.6200243728575,33344100
2018-03-20,86.05636596679688,86.6477545990143,85.93624257428378,85.98244767520114,23075200
2018-03-21,85.45573425292969,86.90648546214253,85.20623801031468,85.87155192407741,24457100
2018-03-22,82.97005462646484,84.78118314242853,82.84993123736358,84.337638155909,38604700
2018-03-23,80.55829620361328,83.58916466295189,80.46589305300583,82.70208172728512,44068900
2018-03-26,86.65699005126953,86.86028119908245,83.53371864824813,83.7277673666401,56396800
2018-03-27,82.67435455322266,87.91369100722773,81.78727169195523,87.72888472151247,56569000
2018-03-28,82.60042572021484,84.30067308638988,82.11992516776331,82.99776556258936,52501100
2018-03-29,84.33763122558594,85.28016160077323,81.68562510402134,83.3304249961197,45867500
2018-04-02,81.7965316772461,83.97728034425434,80.86325048875521,83.59842522959894,48515400
2018-04-03,82.89611053466797,83.21028963111135,81.21434821814908,82.77598717274047,37213800
2018-04-04,85.317138671875,85.7144785932232,81.06652998646499,81.17741095527258,35560000
2018-04-05,85.36329650878906,86.00088997868248,84.45773612391724,85.41874401697916,29771900
2018-04-06,83.37663269042969,85.43725030939119,82.68359853115503,84.54092500207733,38026000
2018-04-09,83.8755874633789,86.0932975585734,83.7369863104779,84.12508363841279,31533900
2018-04-10,85.82536315917969,86.19498285381765,84.67954845072038,85.37258273445056,26812000
2018-04-11,84.88282012939453,86.20420547538524,84.53168537762852,85.02142836427059,24872100
2018-04-12,86.47217559814453,87.00812365543088,85.4095219121202,85.4095219121202,26758900
2018-04-13,86.0101547241211,87.02660333922938,85.41876618260692,86.90647996514002,23346100
2018-04-16,87.01737213134766,87.47015954957152,86.32433793396532,86.92496898167836,20288100
2018-04-17,88.77306365966797,89.20736623506237,87.67344710068292,87.78433511458427,26771000
2018-04-18,89.11495208740234,89.37368370467632,88.26482485219204,88.91166094528484,21043300
2018-04-19,88.81002044677734,89.69710334948749,88.0985014087263,89.11495717737064,23552500
2018-04-20,87.7843246459961,88.810015740063,86.90648421949928,88.62520945550824,31154400
2018-04-23,88.10774993896484,88.97635509234529,87.44243595338908,88.46812717283359,22331800
2018-04-24,86.047119140625,89.14267014278806,85.39104768433849,88.9301365767113,34524800
2018-04-25,85.29862213134766,86.21343208371232,83.42281123998207,86.21343208371232,33729300
2018-04-26,87.10054779052734,87.92294788192112,86.02865141752791,86.44447620356765,42529000
2018-04-27,88.54204559326172,90.46406205690046,86.77712223331392,90.18684556794766,48272800
2018-04-30,86.41674041748047,89.07799622685539,86.07484806134876,89.01331331759467,41523600
2018-05-01,87.7843246459961,88.05229869353596,85.74218488706238,86.13028231457206,31408900
2018-05-02,86.4074935913086,87.94140540054416,86.11179932387118,87.77507693449138,27471000
2018-05-03,86.92497253417969,87.71965234364822,85.42801606868831,85.8992813161426,31142500
2018-05-04,87.93216705322266,88.12621574874856,85.86230020113186,86.23191978542717,22531300
2018-05-07,88.91165161132812,89.36443189402466,87.8767182009718,87.94140109849987,24242000
2018-05-08,88.53279113769531,88.85621268084394,87.8397570593606,88.56975380119536,23484600
2018-05-09,89.57696533203125,89.60468556666507,87.83052005102942,88.71760280884725,27327400
2018-05-10,90.47330474853516,90.51026036725493,89.67862499780429,90.05748001390164,22388100
2018-05-11,90.27925872802734,90.43635184914298,89.66939225455651,90.37166893453382,16778300
2018-05-14,90.58417510986328,91.19404849603221,89.91886125219075,90.48252954550179,19454100
2018-05-15,89.92811584472656,90.41785887567221,89.02254807153602,89.85419050611748,24594000
2018-05-16,90.1601333618164,90.39214605339058,89.66826758855363,90.35502317308286,17384700
2018-05-17,89.25992584228516,90.5220754912794,88.93510947977907,89.79819700327563,17246700
2018-05-18,89.42697143554688,89.95596008337219,89.10215508696385,89.10215508696385,17865800
2018-05-21,90.57775115966797,90.95825536316899,89.83531481306385,90.02092212959856,19422500
2018-05-22,90.48493957519531,91.10673181963129,90.20652154431654,90.65198897762964,15441200
2018-05-23,91.56151580810547,91.62647909541855,89.38987276848643,89.75181209501172,21251200
2018-05-24,91.23667907714844,91.8213556587539,89.84460276736971,91.62646582504084,26649300
2018-05-25,91.2830581665039,91.85845209115261,90.81903286353489,91.22737739589617,18363900
2018-05-29,90.95826721191406,91.76566693252838,90.23438867048074,90.80049318379521,28671000
2018-05-30,91.83061981201172,92.10903787202263,90.86545325302879,91.23666789242282,22158500
2018-05-31,91.72853088378906,92.79579064088547,91.51508318064889,92.14615796115645,34140900
2018-06-01,93.53823852539062,93.6032017964661,92.03479371990264,92.13687987165918,28655600
2018-06-04,94.35489654541016,94.531228413465,93.5938953870956,93.97439950648473,27281600
2018-06-05,94.8375015258789,94.9674280550129,94.22498467670599,94.66116963042644,23514400
2018-06-06,95.11591339111328,95.21799953361742,94.56836688174101,95.10663798213281,21122900
2018-06-07,93.62174987792969,95.30152642036862,93.15772453877973,95.26440354358084,28232200
2018-06-08,94.31781005859375,94.61478606224334,93.30623798007268,93.81666172484762,22165100
2018-06-11,93.779541015625,94.28068224269767,93.4268771619129,93.74241813205184,23490900
2018-06-12,94.02081298828125,94.15073951823695,93.50110686845842,93.82592319334769,18325200
2018-06-13,93.59391784667969,94.67046012824623,93.32478227628805,94.4013245578546,29492900
2018-06-14,94.12289428710938,94.6890057444134,93.73311471729942,94.33634904988978,25691800
2018-06-15,92.92571258544922,94.22498496117649,92.87003181007078,94.20642706287195,65738600
2018-06-18,93.60321044921875,93.83522316457365,92.26681494302534,92.81436863310532,23586000
2018-06-19,93.60321044921875,93.7331370033802,92.34106071125079,92.48026975655696,28653100
2018-06-20,94.54052734375,95.14375463428733,93.84448931885467,94.07650199381979,26180800
2018-06-21,93.8630599975586,95.08808680495173,93.62176480021067,94.73543003995546,23198200
2018-06-22,93.18560028076172,93.51969211229107,92.46171458445855,93.18560028076172,38923100
2018-06-25,91.31089782714844,92.90714598956806,90.2993260733268,92.80505985728792,35433300
2018-06-26,91.95130157470703,92.87935264329195,91.64504302276174,91.71000631434397,26897200
2018-06-27,90.5220718383789,92.8236337545161,90.39214529861948,92.41529623547164,31298400
2018-06-28,91.53364562988281,91.97911311845857,90.26222059628874,90.37358215808354,26650700
2018-06-29,91.51508331298828,92.7215520976185,91.2552302407209,91.81205926421747,28053200
2018-07-02,92.81436920166016,92.86076749673566,90.9489849762494,91.04178864686662,19564500
2018-07-03,91.92343139648438,93.38974622867329,91.82134524557391,93.2505442778549,14670300
2018-07-05,92.58233642578125,92.73082085050457,91.90485632417418,92.34104127008308,18977400
2018-07-06,93.88160705566406,94.13217761550088,92.49880649065771,92.70297876632118,19234600
2018-07-09,94.5219497680664,94.89317141463209,93.96512083844988,94.33634248501556,18212000
2018-07-10,94.77254486083984,95.13448408584044,94.53124968401768,94.66117622219916,19293100
2018-07-11,94.64263153076172,94.97672333237824,93.8259422276854,93.87234760371156,19644600
2018-07-12,96.69361114501953,96.89778344550548,95.33865788234469,95.37577368200995,24335900
2018-07-13,97.8443603515625,98.00212723056511,96.60076905242508,96.86062912900144,24635200
2018-07-16,97.36180114746094,98.20632359231298,96.99985486485024,97.81654400238126,21786900
2018-07-17,98.32697296142578,98.83740370004402,96.81425280587615,97.08338836983258,25901700
2018-07-18,97.55671691894531,98.41980457244631,97.18549512853697,98.31771840307235,29493900
2018-07-19,96.88848114013672,97.7330034788786,96.41517336585142,97.38034681045926,40171600
2018-07-20,98.62395477294922,100.41509308876898,98.44762993678803,100.30373152497575,56004000
2018-07-23,100.20164489746094,100.35941183239926,98.49402776255927,98.6518017779632,29707000
2018-07-24,99.91394805908203,100.99048325710379,99.54272633958766,100.75847056747797,26316600
2018-07-25,102.85588836669922,103.15286438713085,99.85828068632348,100.19237959436744,30702100
2018-07-26,101.7329330444336,103.01364062211927,101.62156439749603,102.77234542732081,31372100
2018-07-27,99.9324951171875,102.25262176173544,98.50329625449021,102.25262176173544,37005300
2018-07-30,97.78871154785156,99.79329751617173,97.22260001539631,99.47776365504738,34668300
2018-07-31,98.4476089477539,99.04156076290617,97.79796928211202,98.82810601036826,27655200
2018-08-01,98.63323211669922,98.79099904415108,97.8351079089877,98.40121943028227,23628700
2018-08-02,99.83041381835938,100.31299706841747,97.29683228427572,97.81654549256709,26104300
2018-08-03,100.26661682128906,100.27589931251747,99.13439362727607,100.04388659507107,18659600
2018-08-06,100.3501205444336,100.61925609950958,99.82113192389524,100.34084513528494,20265900
2018-08-07,101.046142578125,101.25031483451097,100.38722752917454,100.74916668169008,16080200
2018-08-08,101.6122817993164,101.85357699385962,100.93480866911058,101.46379735068922,15487500
2018-08-09,101.77933502197266,102.2340850364162,101.71437174569016,101.81645790562924,13677200
2018-08-10,101.15753173828125,101.79788902145596,100.58213772438039,101.54731135392441,18183700
2018-08-13,100.42437744140625,101.6958096018586,100.3222912857257,101.38026864417348,18472500
2018-08-14,101.67725372314453,101.85358565882706,100.26661947908354,100.74920282875887,16788300
2018-08-15,100.2984619140625,101.53751419200779,99.51589547290916,101.0717030341852,29982800
2018-08-16,100.27980041503906,101.41638049318777,99.96305231861726,100.89467440133424,21384300
2018-08-17,100.2238998413086,100.52201860704051,99.39475680200069,100.01894185717188,18061500
2018-08-20,99.56246948242188,100.52203923441158,99.19913738424545,100.15870713623515,17914200
2018-08-21,98.73332214355469,100.0096399861274,98.61220671075242,99.60904216287804,22881900
2018-08-22,99.73945617675781,100.00030921817454,98.54698106873147,98.61219432908565,18000600
2018-08-23,100.20527648925781,100.7828847828198,99.56246203701572,99.82331510258793,18167700
2018-08-24,100.98784637451172,101.13690222824692,100.20528004233392,100.30775905140142,17234000
2018-08-27,102.10578155517578,102.14304729239936,101.09031686975536,101.79834455386565,19662300
2018-08-28,102.72065734863281,102.94424466815975,102.28279381326271,102.42253855335933,19151500
2018-08-29,104.36030578613281,104.36962399740587,102.72996709126876,102.89765935562043,20818000
2018-08-30,104.29510498046875,104.90997905910777,103.8199827644806,104.0342518953662,22798700
2018-08-31,104.64911651611328,105.06834363532333,103.89449775073722,104.05287891613271,23222700
2018-09-04,104.07151794433594,104.30442350068107,102.6834028186787,103.27032226189158,22634600
2018-09-05,101.07168579101562,103.80133899447654,100.70835371851682,103.4193776062373,32872400
2018-09-06,101.30459594726562,101.53750149705739,100.1587046226096,100.8481030598335,23477600
2018-09-07,100.81082916259766,101.2859584358911,99.89784346160071,100.82946558539263,22498600
2018-09-10,101.90084075927734,102.14306453827149,100.95058917662922,101.39776388338817,20727900
2018-09-11,103.6336441040039,103.95971042907189,101.44433351258995,101.45365172408125,24301800
2018-09-12,104.07151794433594,104.20194448727213,102.95357411696467,103.81066485846354,18891100
2018-09-13,105.18946075439453,105.95339063589071,104.4534784002669,104.4534784002669,26055600
2018-09-14,105.61799621582031,105.95338072830725,104.7515874098478,105.60867800499783,19122300
2018-09-17,104.47210693359375,105.92543520757799,104.21125386982355,105.91612410366685,20736500
2018-09-18,105.46894836425781,105.9254412519041,104.08083327700739,104.51869684805547,22170900
2018-09-19,104.06220245361328,105.57143305697976,103.44733546479162,105.31989817694219,21728400
2018-09-20,105.80433654785156,106.01861278849196,104.27647665679847,104.60254301628294,23714500
2018-09-21,106.44715118408203,107.40672088239616,105.74843455625566,106.20492742960921,71229700
2018-09-24,106.8291015625,107.04337776699921,104.5466303233711,105.30124192914528,27334500
2018-09-25,106.62413787841797,107.22969361598463,105.97200530424587,106.95021127321601,22668000
2018-09-26,106.18629455566406,107.19244106415965,105.96270012469806,106.64278741372216,19352000
2018-09-27,106.58688354492188,107.0526945760084,106.39123665707874,106.93157915899005,19091300
2018-09-28,106.54961395263672,106.73593551524198,105.90679247853818,106.38192170320718,21647800
2018-10-01,107.7048110961914,107.77002434649874,106.8849863626548,106.90361567372352,18883100
2018-10-02,107.27629852294922,107.91911301232653,106.61484760911843,107.41604327549676,20787200
2018-10-03,107.294921875,108.23586224161757,107.07133454798152,107.52782741372722,16648000
2018-10-04,105.07765197753906,106.91294855510894,103.99696698675618,106.77320382592671,34821700
2018-10-05,104.46278381347656,105.43167165317763,103.07466887065956,104.92859486481096,29068900
2018-10-08,103.27032470703125,104.36963924331741,101.86357312323906,104.02494356070186,29640600
2018-10-09,104.5838851928711,105.34781493017518,103.22371795853513,103.54046601920949,26198600
2018-10-10,98.90099334716797,103.87585133576205,98.55629065391435,103.63362762948351,61376300
2018-10-11,98.66809844970703,101.48159401945996,97.07501842931732,98.1463852487798,63904300
2018-10-12,102.07783508300781,103.63364231266301,99.79536373927236,101.55612897191689,47742100
2018-10-15,100.24253845214844,101.99399258252079,99.6369826540455,101.46296825969172,32068100
2018-10-16,103.4100570678711,103.79202555522936,101.50022884650546,102.04988960260663,31610200
2018-10-17,103.13987731933594,104.1646601628959,102.05919942669286,104.04355185397839,26548200
2018-10-18,101.08098602294922,102.97217752743504,100.45680099483344,102.57157978699875,32506200
2018-10-19,101.23005676269531,103.27962245791507,100.81082256977835,101.48159159227566,32785500
2018-10-22,102.13373565673828,102.98151524080322,100.83878141262555,101.8449350593027,26545600
2018-10-23,100.70836639404297,101.51888033116927,97.92281778504837,100.40092933778328,43770400
2018-10-24,95.32357025146484,101.07167673761663,94.64348301059296,100.99715237361737,63897800
2018-10-25,100.89468383789062,101.79835137216658,98.89169475116951,99.26434504065232,61646800
2018-10-26,99.64629364013672,101.3138979629816,97.59672797270609,98.46313676373249,55523100
2018-10-29,96.74895477294922,101.26732058822215,94.6807525499976,100.71766695462088,55162000
2018-10-30,96.63716888427734,97.24271759646787,93.26469413770623,96.57195561799315,65350900
2018-10-31,99.5065689086914,100.74562819036518,98.18366703734871,98.23025099230718,51062400
2018-11-01,98.67739868164062,99.98167087869739,98.31406667707854,99.73013607081273,33384200
2018-11-02,98.90099334716797,99.98167115384385,97.80167912047206,99.1991120980832,37680200
2018-11-05,100.15870666503906,100.3729757948974,98.65879432517694,99.09665790494846,27922100
2018-11-06,100.35433197021484,101.39774415478185,99.01279389552877,100.03757676581955,24340200
2018-11-07,104.3044204711914,104.5652735494874,101.91946991795567,101.95673565881414,37901700
2018-11-08,104.1087646484375,104.53730994082105,103.32620553392292,104.15534859427336,25644100
2018-11-09,102.07783508300781,103.8292821043221,101.32322344264949,103.27031025562287,32039200
2018-11-12,99.56246948242188,102.44117873839099,98.84511639074078,101.93810188528975,33621800
2018-11-13,99.6276626586914,101.30457805641318,99.34817320521509,100.19595266843776,35374600
2018-11-14,98.21485900878906,101.29313825333169,97.74703554557746,101.14343131866259,39495100
2018-11-15,100.37619018554688,100.86273053177877,97.22306495571645,98.23355810093122,38505200
2018-11-16,101.32117462158203,101.87320270794378,99.92706313885574,100.18904305363198,33502100
2018-11-19,97.88736724853516,101.57381065319579,96.88622549424954,101.30247223439075,44773900
2018-11-20,95.16464233398438,96.34355938947311,92.95651514871555,95.24885426430026,64052500
2018-11-21,96.47451782226562,97.70957100168458,95.66050274144212,96.93298264004548,28130600
2018-11-23,96.43710327148438,97.12947981771816,95.43596160683177,95.59501982962291,13823100
2018-11-26,99.61832427978516,99.76802406834275,97.84995225078228,98.04643723862492,32336200
2018-11-27,100.24520111083984,100.42297629339376,98.57975089034167,99.4311857963454,29124500
2018-11-28,103.96907806396484,104.1655630411718,100.91886740690235,100.94693566958638,46788500
2018-11-29,103.09893035888672,103.96908222904433,102.01357656883246,103.2299203489389,28123200
2018-11-30,103.75387573242188,103.82872919155527,102.32233723398498,103.57610055158477,33665600
2018-12-03,104.87664031982422,106.1210522050718,103.60416731276514,105.72808228502042,34732800
2018-12-04,101.53638458251953,105.39125185397661,101.24633636741918,104.73630196877636,45197000
2018-12-06,102.16326141357422,102.210039463672,98.24289961145217,99.01012958954777,49107400
2018-12-07,98.07450103759766,102.40654331728139,97.58796782391285,101.40540148856749,45044900
2018-12-10,100.6662368774414,101.0311457007445,97.20434653525923,98.05578855893538,40801500
2018-12-11,101.60188293457031,103.81000996122891,100.52589482160907,102.73402184826766,42381900
2018-12-12,102.06035614013672,104.10941780778454,102.02292941098268,103.75387458844925,36183000
2018-12-13,102.40653991699219,103.73516380483767,101.63930982269034,102.52817857018866,31333400
2018-12-14,99.20663452148438,102.2287769927059,98.71074283234098,101.28377167394228,47043100
2018-12-17,96.26869201660156,98.9914274425576,95.16462858349503,98.62652578689186,56957300
2018-12-18,97.27919006347656,97.7844401459934,95.9224980441949,97.07334664410845,49319200
2018-12-19,97.01722717285156,100.0019358628918,94.82780976389968,96.97980044107932,68198200
2018-12-20,94.97750854492188,97.59731529851008,92.42318964329434,96.41840547168374,70334200
2018-12-21,91.9085922241211,96.371624509532,91.18814015988477,95.08978576904043,111242100
2018-12-24,88.07244110107422,91.66532894878243,87.9320997752578,91.39399048817165,43935200
2018-12-26,94.08865356445312,94.21029223467589,87.91338521686126,89.0174488864625,51634800
2018-12-27,94.66874694824219,94.67810541533933,90.19635622393604,92.90973347017926,49498500
2018-12-28,93.92958068847656,95.81959120202131,93.11556541124668,95.52017737630305,38196300
2018-12-31,95.03363800048828,95.81022649895426,93.97635976630964,94.77165805845591,33173800
2019-01-02,94.61260986328125,95.20206479537764,92.57289949171086,93.1436446281424,35329300
2019-01-03,91.13200378417969,93.74245932841443,90.94487013283985,93.65824740070678,42579100
2019-01-04,95.37046813964844,95.91314493729317,92.5635280477978,93.30268979526194,44060600
2019-01-07,95.49212646484375,96.62425842997017,94.48163317312071,95.09915645481702,35656100
2019-01-08,96.18449401855469,97.27919906273625,95.16463529327085,96.40904725208507,31514400
2019-01-09,97.55989074707031,98.13063587814827,96.5961756649475,97.17627926297949,32280800
2019-01-10,96.93299865722656,97.0733470927551,95.79150851794078,96.57745547384982,30067600
2019-01-11,96.18449401855469,96.78330740024812,95.09914030272371,96.54939569994855,28314200
2019-01-14,95.4827651977539,96.24999533966209,94.74360331958081,95.34241674065944,28437100
2019-01-15,98.25227355957031,98.28970028859682,95.32369447440924,95.91315653355343,31587600
2019-01-16,98.59847259521484,99.42184647624642,98.20550259113324,98.4861995302885,29853900
2019-01-17,99.29084014892578,99.76801487324238,98.01835994057781,98.24291317192788,28393000
2019-01-18,100.77851104736328,100.95628621497116,99.09435117270229,100.54459935879218,37427600
2019-01-22,98.87914276123047,100.2077593515254,98.11191275882179,99.88028443679323,32371300
2019-01-23,99.84288024902344,100.1516454405016,98.56104142097188,99.29085200221645,25874300
2019-01-24,99.36568450927734,100.11420478358741,98.56102771284047,99.9832148063459,23164800
2019-01-25,100.27326965332031,100.93757804995484,99.36569108068393,100.33876464627248,31225600
2019-01-28,98.31778717041016,99.62769438073657,97.92481714883823,99.42185090131699,29476700
2019-01-29,96.31549072265625,98.21485271952099,95.59503863793019,98.13064078955732,31490500
2019-01-30,99.53408813476562,99.53408813476562,97.61601678382077,97.8873551691424,49471900
2019-01-31,97.7095947265625,98.44875654849314,96.54003623713147,97.12013981771993,55636400
2019-02-01,96.16577911376953,97.40083263186976,95.76345069522982,97.10142593470664,35535700
2019-02-04,98.93528747558594,98.99143113591866,96.15641542613052,96.24998581387895,31315100
2019-02-05,100.32005310058594,100.36683115849648,99.14113610959186,99.23469936383167,27325400
2019-02-06,99.20663452148438,100.11421310957806,98.73881109573868,100.11421310957806,20609800
2019-02-07,98.49553680419922,98.79494349864189,97.57860692552671,98.42069048440256,29760700
2019-02-08,98.86981964111328,98.97274138516862,97.55056104487181,97.67219258856433,21461100
2019-02-11,98.47681427001953,99.72122608280394,98.21483433857392,99.36567577148396,18914100
2019-02-12,100.01129913330078,100.24521086429614,98.69204068246512,99.30956394031472,25056600
2019-02-13,99.93641662597656,100.84399502065554,99.84285338845055,100.58201510021571,18394900
2019-02-14,100.02064514160156,100.3855468254245,98.86044509914963,99.4686098132421,21784700
2019-02-15,101.25570678710938,101.33056025094537,100.45104989692045,100.9656585377689,26606900
2019-02-19,101.20892333984375,101.66739545996238,100.84402162034972,100.85338008809605,18038500
2019-02-20,100.68272399902344,101.4250426458207,99.87463064523934,101.34986950386279,21607700
2019-02-21,102.80631256103516,102.87208726411899,100.41961921228561,100.44780734662083,29063200
2019-02-22,104.27215576171875,104.48826957682799,103.19156517945707,103.40768616347147,27763200
2019-02-25,104.8547134399414,105.40910629726162,104.54463683283099,105.01445812900903,23750600
2019-02-26,105.5782470703125,106.40513000852779,104.46007004031443,104.5446416053173,21536700
2019-02-27,105.39973449707031,105.57826892878039,104.18759438637177,104.94870995335812,21487100
2019-02-28,105.2681884765625,106.06688347391623,104.98629991985852,105.27758691245779,29083900
2019-03-01,105.73798370361328,106.19840658369955,104.92989047061859,106.07625562295544,23501200
2019-03-04,105.48429870605469,106.41454303522808,104.11242113072569,106.19842204516489,26608000
2019-03-05,104.95808410644531,105.60643984733515,104.51645807033258,105.4748904461263,19538300
2019-03-06,105.00507354736328,105.86015186027751,104.70438816490108,105.11783325412598,17687000
2019-03-07,103.7271499633789,104.81713886167553,103.23853894721778,104.67619103256415,25339000
2019-03-08,103.8399429321289,104.02786865188834,102.23315437079361,102.57142640148597,22818400
2019-03-11,106.01988983154297,106.132642369858,104.28155223310416,104.29094349869374,26491600
2019-03-12,106.76220703125,107.10987024500496,105.8507524577428,106.01048999751697,26132700
2019-03-13,107.58909606933594,108.05891744955139,106.91255213480085,107.24142566717059,35513800
2019-03-14,107.67364501953125,108.24682759462287,107.429343098502,107.62666718959684,30763400
2019-03-15,108.91398620605469,110.17310395301489,107.67365098942447,108.37838299765271,54681100
2019-03-18,110.47379302978516,110.51137959842035,109.04553926617237,109.15829180317301,31207600
2019-03-19,110.5489501953125,111.29126868857384,109.9287826557889,110.96238805275766,37588700
2019-03-20,110.42681121826172,111.58257493825623,109.66570289589042,110.3046602433457,28113300
2019-03-21,112.9638442993164,113.52762847434744,110.0227581185816,110.06974312021117,29854400
2019-03-22,109.98516082763672,112.37184654137315,109.9757623950588,112.2872821548825,33624500
2019-03-25,110.5583724975586,110.88724603547367,109.29924744951963,109.52475970853203,27067100
2019-03-26,110.79328918457031,111.54499914490772,109.79726291298714,111.46043473154343,26097700
2019-03-27,109.7220687866211,111.07515649297636,108.54751547732783,110.76507269878586,22733400
2019-03-28,109.87242126464844,110.48319045380126,109.12070423662882,110.35164104923355,18334800
2019-03-29,110.82146453857422,111.17852619087778,109.90061151992131,110.94361551120056,25399800
2019-04-01,111.83627319335938,111.9208447658488,110.97180361293991,111.7704984898254,22789100
2019-04-02,111.99600982666016,112.26850705562119,111.36644380234803,111.873851693975,18142300
2019-04-03,112.72894287109375,113.1611776796846,111.95843609597003,112.62558159415842,22860700
2019-04-04,112.15576171875,112.97325351031631,111.23490864886249,112.85109536198829,20112800
2019-04-05,112.65375518798828,112.97323741243139,112.16514417101602,112.18393386944003,15826200
2019-04-08,112.69135284423828,112.77591724882525,111.47921286282273,112.57859313588389,15116200
2019-04-09,112.0805892944336,112.32489842374908,111.42284221809051,111.46982005559761,17612000
2019-04-10,112.93566131591797,113.0860004239597,112.3248921114055,112.5316146577548,16477200
2019-04-11,113.06719970703125,113.55581072169011,112.68194278657161,113.26452379961873,14209100
2019-04-12,113.64977264404297,113.67796794467701,113.10478536982463,113.35848572429659,19745100
2019-04-15,113.7437515258789,114.24176100908055,113.29271987626137,113.64039025552707,15792600
2019-04-16,113.48063659667969,114.30752669426653,112.85107775885646,114.29812826072914,14071800
2019-04-17,114.4202880859375,114.49546122225212,113.26453158294588,113.92227860343665,19300900
2019-04-18,115.92371368408203,116.06465434326424,113.97865372941985,114.81493509545452,27991000
2019-04-22,116.29017639160156,116.51568862034767,115.17199934385685,115.21898434392685,15648700
2019-04-23,117.8687744140625,118.0003238094341,116.3559491983848,116.60964955548592,24025500
2019-04-24,117.46473693847656,118.25403337214976,117.00430684992892,118.19765710371738,31257000
2019-04-25,121.35485076904297,123.44085874099422,121.05417255624629,122.2099290797944,38033900
2019-04-26,122.0501708984375,122.64215029620046,121.23268646366581,121.8716365189339,23654900
2019-04-29,121.93743896484375,122.32268158070436,121.54279074564829,122.05958276790737,16324200
2019-04-30,122.71734619140625,122.81130186165755,121.58037218022687,121.97502040602684,24166500
2019-05-01,120.16150665283203,122.76431379392501,119.99237067900941,122.6515612573132,26821700
2019-05-02,118.59231567382812,120.27427712831305,117.94395985463353,120.2554874268302,27350200
2019-05-03,121.11991882324219,121.61792822715579,119.56951435261418,119.67287560650988,24911100
2019-05-06,120.4151840209961,120.80044089788727,118.49831957580771,118.76141833617068,24239800
2019-05-07,117.94396209716797,119.503772599408,116.72243074820122,118.82722863067283,36017700
2019-05-08,117.93453979492188,118.74263297059625,117.2204094415321,117.86876510243228,28419000
2019-05-09,117.9251937866211,118.19769111061999,116.11168255159248,116.7882266430508,27235800
2019-05-10,119.45680236816406,120.2085195750579,116.3465865832313,117.3708010984015,30915100
2019-05-13,115.9049072265625,117.97212514000653,115.61362032981553,116.61903757258162,33944900
2019-05-14,117.2016372680664,118.28222063925863,116.23379926400752,116.39354397156978,25266300
2019-05-15,118.85206604003906,119.50282161787072,116.66402632977702,117.19217880841946,24722700
2019-05-16,121.59656524658203,122.0209811451514,119.2670627727902,119.54056868491078,30112200
2019-05-17,120.78549194335938,123.03955015772495,120.64401518393481,121.0118317330277,25770500
2019-05-20,119.04072570800781,120.33279678540593,118.60689094084681,119.323657671578,23706900
2019-05-21,119.68205261230469,120.27621623344382,119.38025418952009,120.181905575469,15293300
2019-05-22,120.40823364257812,120.9458194188518,119.32364325796706,119.41796109653912,15396500
2019-05-23,119.00299072265625,119.10673459317054,117.64489437806272,119.02184997391286,23603800
2019-05-24,119.0595703125,120.17245316801507,118.80493085707167,119.69146673049035,14123400
2019-05-28,118.9841537475586,120.71949300570317,118.88040985762142,119.75751271180867,23128400
2019-05-29,117.83353424072266,118.25793579164933,116.98472394342744,118.24850256738999,22763100
2019-05-30,118.57859802246094,118.60689049916843,117.68262881922088,118.13533003286577,16829600
2019-05-31,116.64518737792969,117.53172328222298,116.3056632952404,117.16390672521642,26646800
2019-06-03,113.02360534667969,117.29594907331234,112.24082046721445,116.80552217523817,37983600
2019-06-04,116.1547622680664,116.26793216004272,113.78752702320513,114.38169054240298,29382600
2019-06-05,118.67291259765625,118.71063829965995,117.14505404599528,117.84296154445883,24926100
2019-06-06,120.54971313476562,120.69118270883583,118.45598358576275,119.24820888329099,21459000
2019-06-07,123.92611694335938,124.72777570043534,120.96471702221325,121.8418272003812,33885600
2019-06-10,125.05780792236328,126.45362249929482,124.49192975802048,124.86917227366267,26477100
2019-06-11,124.58627319335938,126.60455128778611,123.81290716916996,126.26502719756093,23913700
2019-06-12,124.01097106933594,124.463665067317,123.2753379260357,123.92607925212228,17092500
2019-06-13,124.79374694824219,125.4350621629563,124.07696595429012,124.47307495000427,17200800
2019-06-14,124.9163818359375,126.18016060573328,124.15245607793983,124.73718653154094,17821700
2019-06-17,125.2936019897461,126.12353849439019,124.99179643105288,125.0861142658648,14517800
2019-06-18,127.47224426269531,127.54769567341856,125.97268525064415,126.55741569514294,25934500
2019-06-19,127.9720687866211,128.19840857753397,126.19899700643333,127.32131310598274,23744400
2019-06-20,129.16043090820312,129.83005321674148,128.00039599236274,129.63199145506832,33042600
2019-06-21,129.1792755126953,129.89604224199178,128.69828901695627,128.81145892398112,36727900
2019-06-24,129.94320678710938,130.52793718653945,129.2075735778638,129.2075735778638,20628800
2019-06-25,125.84062194824219,129.76400856956087,125.18044015880965,129.44335089910558,33327400
2019-06-26,126.31217956542969,128.0192405413714,126.00096232172312,126.70830302100477,23657700
2019-06-27,126.51971435546875,127.0478743622843,125.91611730999682,126.51028832335888,16557500
2019-06-28,126.34046936035156,126.94406609987122,125.58596983823163,126.91577362699385,30043000
2019-07-01,127.96260833740234,128.9245954708428,127.29300070625982,128.8585845057869,22613500
2019-07-02,128.8114471435547,128.8208731713169,127.6419721113461,128.3776052214973,15237800
2019-07-03,129.64138793945312,129.90546060493,128.5379239697836,129.01892477473723,13629300
2019-07-05,129.26414489746094,129.51879156330088,128.00036637806392,128.20785412195087,18141100
2019-07-08,129.16981506347656,129.30185138344893,127.67024224057963,128.64165539270758,16779700
2019-07-09,128.69827270507812,129.1792591398545,128.07580951356877,128.26443079833118,19953100
2019-07-10,130.00921630859375,130.69769050695328,129.22642426788042,129.33016813811668,24204400
2019-07-11,130.52796936035156,131.30133565811994,130.02811627165252,130.33934799703096,22327900
2019-07-12,130.9994354248047,131.21636350741457,130.16005873153244,130.95229091116332,18936800
2019-07-15,130.9994354248047,131.6030319863614,130.58447448132216,131.5087285682015,16651500
2019-07-16,129.28297424316406,131.140922986038,128.75482900697463,131.05604558541006,22726100
2019-07-17,128.51905822753906,130.08462760872735,128.47189931568076,129.86771388323442,20211000
2019-07-18,128.66058349609375,128.84920484489638,127.01012151001949,127.84007271381478,30381800
2019-07-19,128.84915161132812,132.66879350777725,128.68882281154083,132.24439205058968,48992400
2019-07-22,130.55618286132812,131.27296375555042,129.51875879524255,129.59421017310166,25074900
2019-07-23,131.36729431152344,132.0274904063989,130.17896724433493,131.81056225367956,18034600
2019-07-24,132.71597290039062,132.73483934765318,130.95234143973366,130.99948597156595,20738300
2019-07-25,132.21617126464844,132.6122804655119,131.39566037649473,132.4425111560628,18356900
2019-07-26,133.3007354736328,133.6213932002031,132.3198958420983,132.38590683715162,19037600
2019-07-29,133.00830078125,133.46099465244646,131.4427170877172,133.45156862689942,16605900
2019-07-30,132.36703491210938,133.18754555722603,131.84831549645008,132.1689731748998,16846500
2019-07-31,128.51905822753906,132.49902862160644,127.39674232335653,132.3481258600116,38598800
2019-08-01,130.207275390625,132.92346831785986,129.14154411747563,129.20756949126317,40557500
2019-08-02,129.1132049560547,130.45244887796494,127.56648774083266,130.23552077757085,30791600
2019-08-05,124.69001770019531,126.31217237188596,123.34134736044643,125.71801600412759,42749600
2019-08-06,127.0289306640625,127.96261095629673,125.63311604346025,126.18955380824953,32696700
2019-08-07,127.58534240722656,127.93429239348715,124.33157950127413,126.18008765597446,33414500
2019-08-08,130.9900665283203,131.0843843784918,128.1984222193159,128.83032591187458,27496500
2019-08-09,129.87716674804688,131.45217669708933,128.69826579299587,130.72596967933129,23466700
2019-08-12,128.06639099121094,130.01865831903575,127.54768596714993,129.27359908003035,20484300
2019-08-13,130.71653747558594,130.90515874130492,127.32129712912392,128.31157676274867,25154600
2019-08-14,126.78009796142578,129.56210877956542,126.48675923848506,129.03220470731083,32527300
2019-08-15,126.49623107910156,127.34787509702798,125.14308405734968,127.16808310083891,28074400
2019-08-16,128.81459045410156,129.1268585007604,127.48035819259715,127.63176350712365,24449100
2019-08-19,130.97206115722656,131.10453719319122,129.53373959617815,130.44215701336793,24355700
2019-08-20,129.88385009765625,131.25594084277455,129.86493526333263,130.78281008619717,21170800
2019-08-21,131.3316192626953,131.99401382354478,130.58407907613025,131.10452575731034,14970300
2019-08-22,130.37591552734375,131.71960519902063,128.96598061637593,131.20863031382734,18697000
2019-08-23,126.22178649902344,130.9152486126461,125.6634958315282,129.81758210656008,38508600
2019-08-26,128.17117309570312,128.27526248357805,126.70446424430587,127.73590070190683,20312600
2019-08-27,128.4454803466797,129.37281213441702,127.42351667825993,129.06054425472226,23102100
2019-08-28,128.2751922607422,128.46444165178204,126.37321205676666,127.63174144344607,17393300
2019-08-29,130.69761657714844,131.00042714796504,129.55264839840464,129.87437380079524,20168700
2019-08-30,130.4515838623047,131.70064127459696,128.9470318552338,131.67225459059952,23940100
2019-09-03,128.7294158935547,129.82708276526384,128.40769042940715,129.26879191180686,18869300
2019-09-04,130.23394775390625,130.29072112187868,129.1457385921619,129.92167979125622,17995900
2019-09-05,132.52389526367188,132.83616321899174,131.30321012571235,131.63440734951254,26101800
2019-09-06,131.6249542236328,132.6469037340506,130.7733103798823,132.5049703128264,20824500
2019-09-09,130.12986755371094,132.24002636446158,129.12683281242505,132.08862108005547,25773900
2019-09-10,128.7672576904297,129.53372714187452,127.28162030820413,129.4485670781148,28903400
2019-09-11,128.80511474609375,128.9470626387698,127.83046652603281,128.60640791067436,24726100
2019-09-12,130.12986755371094,130.98149701059072,129.5147890003621,130.44213553824756,27010000
2019-09-13,129.94064331054688,130.64086761851087,129.23094714622312,130.3759155389344,23363100
2019-09-16,129.00384521484375,129.35395738521586,128.36985167769146,128.53071441647882,16731400
2019-09-17,130.0068817138672,130.1299003432952,129.0984642173339,129.5999961531534,17814200
2019-09-18,131.07615661621094,131.21809007607706,129.1930908954214,129.9784897305606,23982100
2019-09-19,133.4890899658203,134.7192181180876,132.54282865558287,132.760464714073,35772100
2019-09-20,131.9467315673828,134.037961803928,130.82067785287043,133.43235490353572,39167300
2019-09-23,131.66282653808594,132.1264998781188,131.00044636575674,131.7479866090701,17139300
2019-09-24,129.9973907470703,133.1295135502643,129.52426006528748,132.81724556763135,29773200
2019-09-25,131.87098693847656,132.43874954390984,128.7199347998079,130.11094018819685,21382000
2019-09-26,132.04132080078125,132.64692757150533,131.00044183421406,131.9467033158957,17456600
2019-09-27,130.32861328125,132.8172860463166,129.306648964479,132.6185647463305,22477700
2019-09-30,131.55873107910156,131.7385230686924,130.37590424106116,130.63139888094307,17280900
2019-10-01,129.70407104492188,132.71317569147124,129.6378258091377,132.15488487045303,21466600
2019-10-02,127.41409301757812,129.04166379707252,126.40160081755963,128.92811704834605,30521700
2019-10-03,128.95654296875,129.40128712164014,126.06098448486621,127.69801317852978,24132900
2019-10-04,130.69761657714844,130.820635176393,129.08897512639277,129.40124311299635,22897700
2019-10-07,129.75135803222656,130.75439280203412,129.65674055588423,129.77028730301623,15303700
2019-10-08,128.3793182373047,130.35700164998332,128.3320022663377,129.71355064901513,25550500
2019-10-09,130.8111572265625,131.24642930528125,129.60940142533383,130.07307462456075,19749900
2019-10-10,131.6249542236328,132.16431566308654,130.82062633322428,131.04773424598477,17654600
2019-10-11,132.17379760742188,133.45125639072117,132.00347747034434,132.59015497201733,25446000
2019-10-14,132.05075073242188,132.75097476572154,132.0223640520881,132.18322672024613,13304300
2019-10-15,133.96221923828125,134.17038344068737,132.29679010861958,132.53335543373728,19695700
2019-10-16,132.8645782470703,133.4134116396757,132.03186352190292,133.2241477920981,20751600
2019-10-17,132.18324279785156,133.82027079767897,131.54924946195078,133.37552683328863,21460600
2019-10-18,130.02578735351562,132.47660100682907,129.22145935759556,132.24949306427663,32273500
2019-10-21,130.99093627929688,131.05718149659816,129.64724705364847,131.0098655469259,20078200
2019-10-22,129.0416717529297,132.48606291842205,128.93758241391188,131.50195734491172,27431000
2019-10-23,129.8649139404297,130.06362073983522,128.3225033068228,129.52425927407486,29844600
2019-10-24,132.41986083984375,132.87406240005205,131.21810447217683,131.89941403189292,37029300
2019-10-25,133.16734313964844,133.55531372174337,131.71956456627072,131.85204056518106,25959700
2019-10-28,136.44143676757812,137.84189962947013,135.79797149234983,136.64014358049613,35280100
2019-10-29,135.15451049804688,136.7347652215847,134.98417594668706,136.33733718681492,20589500
2019-10-30,136.83889770507812,137.20793917081286,135.11669457244474,135.80747597248705,18496600
2019-10-31,135.6654815673828,137.14164692441986,135.30591208220838,137.1132602397693,24605100
2019-11-01,135.99667358398438,136.65905359839647,135.2869776173711,136.50764832687332,33128400
2019-11-04,136.78208923339844,137.20790397867506,136.41304786231828,137.04704127218403,16912000
2019-11-05,136.6969451904297,137.22684933009575,136.17649846797022,137.1795333664531,18250200
2019-11-06,136.3184356689453,136.75372233210163,135.50465016384854,136.61177443727,16575800
2019-11-07,136.50770568847656,137.09439775246108,136.04404670295565,136.11027751282688,17786700
2019-11-08,138.1163330078125,138.14471969732065,136.03454618518478,136.24272486744755,16732700
2019-11-11,138.2582550048828,138.5515937313759,136.95240964043924,137.52962967730747,14362600
2019-11-12,139.16665649414062,139.63978714472714,138.21092333912284,138.41910198048504,18641600
2019-11-13,139.39376831054688,139.53571618768487,138.41912019717392,138.85440680607223,16919200
2019-11-14,140.10350036621094,140.43469772579937,139.1004653075358,139.11939458377702,19729800
2019-11-15,141.91082763671875,141.92975690816033,140.3021860954687,140.92670766500572,23485700
2019-11-18,142.2609405517578,142.45966180601263,140.9740244236987,142.00546036046342,21534000
2019-11-19,142.3082275390625,143.19771541632704,142.12843559296,142.77190074538996,23935700
2019-11-20,142.0613555908203,143.21972367591346,140.95996854080573,142.71649985887333,25696800
2019-11-21,141.92848205566406,142.23232307166091,140.99799429806353,141.85252180166486,18576100
2019-11-22,142.03289794921875,142.70703601728965,141.3018078116547,142.48865938450652,15901800
2019-11-25,143.59007263183594,143.70402025525647,142.3462542763498,142.42221452931787,22420900
2019-11-26,144.34963989257812,144.71993701752783,143.67551628743283,143.71348916448176,24620100
2019-11-27,144.625,144.7958996814808,143.86541205490357,144.63448959743727,15184400
2019-11-29,143.7324981689453,144.6060193135359,143.63754423429873,144.41612593217906,11977300
2019-12-02,141.9949493408203,144.15976582063908,140.82709125016626,144.1407721356058,27418400
2019-12-03,141.76705932617188,141.88099245305773,139.24143543533958,140.03901078734793,24066000
2019-12-04,142.27980041503906,142.59311654269516,141.6626287826511,142.55514365956435,17574700
2019-12-05,142.35574340820312,142.72605507318448,141.92847966360355,142.46969103125002,17869100
2019-12-06,144.08377075195312,144.1977038587485,142.67854264572176,143.36217026236042,16403500
2019-12-09,143.71353149414062,144.52059662650856,143.2862676838031,143.43818821261524,16687400
2019-12-10,143.49508666992188,144.2166871073178,143.1437688028266,143.6469926386832,16476100
2019-12-11,144.0363311767578,144.19774128258666,142.73554624347213,143.88441066964705,18856600
2019-12-12,145.49855041503906,145.68844381763338,143.39070032398482,143.98886381776003,24612100
2019-12-13,146.72335815429688,147.06517203448604,145.10924268760104,145.270652785477,23845400
2019-12-16,147.67288208007812,148.02418565970567,146.99875821171497,147.27410151965054,24144200
2019-12-17,146.87525939941406,147.84373434764453,146.64737867984974,147.5968599461329,25425600
2019-12-18,146.57142639160156,147.62535123386945,146.39102262315123,146.5049702330823,24129200
2019-12-19,147.84376525878906,147.90073182860712,145.98277521308748,146.22014557928765,24958900
2019-12-20,149.45787048339844,150.48331213280017,148.39444146479494,149.40090391753216,53477500
2019-12-23,149.45787048339844,150.13199416339762,149.32494366706504,150.13199416339762,17718200
2019-12-24,149.4293670654297,149.74269762341038,149.1824926626928,149.52430649976858,8989200
2019-12-26,150.6542205810547,150.71118715022982,149.4483750777448,149.60029558750327,14520600
2019-12-27,150.9295196533203,151.48971001639282,150.22689843473222,151.39475611271575,18412800
2019-12-30,149.6287078857422,150.98647325466408,148.81215364309884,150.95798998358944,16348400
2019-12-31,149.7332305908203,149.7997012504471,148.5463787083821,148.8502197444965,18369400
2020-01-02,152.5056915283203,152.61013505752078,150.33138558688324,150.7586493016358,22622100
2020-01-03,150.60675048828125,151.8695626184331,150.0750431677832,150.32191762939865,21116200
2020-01-06,150.99603271484375,151.0625033700607,148.60333542196298,149.14454679865977,20813700
2020-01-07,149.61927795410156,151.60369056590727,149.3724180103726,151.27138077488013,21634100
2020-01-08,152.00247192382812,152.67661008398238,149.97058233307885,150.9010700366723,27746500
2020-01-09,153.90142822265625,154.0248654340376,152.89498031182998,153.66405788565248,21385000
2020-01-10,153.18930053710938,154.97432991321804,153.03738006085885,154.59454321052573,20725900
2020-01-13,155.0313262939453,155.05980957773,153.1133697541345,153.58811046779502,21626500
2020-01-14,153.93942260742188,155.33516141166606,153.55013175988464,155.13576394480137,23477400
2020-01-15,154.93638610839844,155.65800132949352,154.35721629474406,154.4046787799735,21417900
2020-01-16,157.7753448486328,157.841815510258,155.7434549443291,156.04729598957823,23865400
2020-01-17,158.65835571289062,159.00965921241536,157.07270894577653,158.9621822424408,34371700
2020-01-21,158.08865356445312,159.6932794532372,158.02218291204835,158.25955326274573,29517200
2020-01-22,157.32904052734375,159.02862008132692,157.31004684568597,158.94315575783406,24138800
2020-01-23,158.29751586914062,158.37347610803346,156.9207709480515,157.79429196341795,19680800
2020-01-24,156.702392578125,159.06660630924776,156.14220206963714,159.0476126259956,24918100
2020-01-27,154.0818328857422,155.1262681697583,152.10690993192532,153.00891432015612,32078100
2020-01-28,157.10118103027344,157.38601382767297,154.83192132073702,155.50604492516229,24899900
2020-01-29,159.5508270263672,160.22496510609736,157.3195547235763,159.36093366901352,34754500
2020-01-30,164.05136108398438,165.2572062683325,162.16188827448875,165.2572062683325,51597500
2020-01-31,161.63021850585938,163.69059145426337,161.01306137636973,163.51020215384372,36142700
2020-02-03,165.57058715820312,165.6845203010666,161.7916403899352,161.82012367565108,30107000
2020-02-04,171.0205841064453,171.51431848810714,167.4030623122053,168.1911336080325,36433300
2020-02-05,170.81166076660156,174.89443279267977,169.39694306179686,174.73302272847744,39186300
2020-02-06,174.35325622558594,174.5336599911423,170.9636010212311,171.82763248366683,27751400
2020-02-07,174.60012817382812,176.25223096972772,173.26135596790618,173.61267392584617,33529100
2020-02-10,179.1671600341797,179.3000868675421,173.9924886446548,174.30581928499586,35844300
2020-02-11,175.12232971191406,181.06607731281295,174.22981499008063,181.01860035119606,53159900
2020-02-12,175.3787078857422,176.46111605357248,172.6631906242822,176.20475203047337,47062900
2020-02-13,174.42926025390625,176.821943305665,173.63168474871478,173.83108224699728,35295800
2020-02-14,175.9864501953125,176.0434167829014,173.42283785027666,173.9925327020495,23149500
2020-02-18,177.77139282226562,178.2176502251347,176.12879410902988,176.23323763923193,27792200
2020-02-19,178.3045196533203,179.16138093295262,177.5333415961503,179.04713663633623,29997500
2020-02-20,175.5815887451172,178.27596149526204,172.4207087578215,177.99033622154437,36862400
2020-02-21,170.03103637695312,174.70572716816383,168.75525962156425,174.39154073840234,48572600
2020-02-24,162.7000274658203,166.1846239809881,155.40713255877654,159.7295593689588,68311100
2020-02-25,160.01519775390625,166.46073285003268,159.61531360581694,165.8514056385486,68073300
2020-02-26,162.01455688476562,164.95646434698395,160.14849852836164,161.5766106394394,56206100
2020-02-27,150.5991973876953,159.02506587788727,150.4087853173964,155.4928762121868,93174900
2020-02-28,154.24562072753906,155.86415937952862,144.7153579750086,145.1057120982535,97012700
2020-03-02,164.50900268554688,164.6327770616493,154.53126258325238,157.38748705939656,71030800
2020-03-03,156.62583923339844,166.6131103341917,154.48367067195883,165.4706233402593,71677000
2020-03-04,162.37632751464844,162.51913289503506,157.68259213669793,160.4150561439755,49814400
2020-03-05,158.3014678955078,162.6810028946942,157.74926281414156,158.0920102947307,47817300
2020-03-06,153.82672119140625,155.29290988438083,148.5236579689275,154.8168725190958,72821100
2020-03-09,143.40150451660156,150.1898026214483,142.8112227779223,143.7632975964418,70419300
2020-03-10,153.20785522460938,153.31258402014208,145.2675559078778,150.5801343469339,65354400
2020-03-11,146.2672576904297,150.14219461233048,143.90610170212486,149.5995195250043,56371600
2020-03-12,132.39552307128906,146.11492481009816,131.93853122219355,138.33647521956644,93226400
2020-03-13,151.21800231933594,154.15039367274912,133.98544717617867,140.43099593883534,92727400
2020-03-16,128.92996215820312,142.19237110925772,128.53009250260706,133.29046629899992,87905900
2020-03-17,139.5456085205078,140.43103109931985,128.53009626039446,133.29047019596462,81059800
2020-03-18,133.67127990722656,139.0029039520048,128.54912798276825,131.38630647518264,81593200
2020-03-19,135.87059020996094,142.95401395111134,132.3383865929663,135.92771236898116,85922700
2020-03-20,130.7674560546875,140.05018368392615,129.34885962811197,139.00289578141994,84866200
2020-03-23,129.46311950683594,133.83315361883407,126.16894903091577,130.4437553300874,78975200
2020-03-24,141.2307586669922,142.43038209641236,134.49959803721939,136.86073924483702,82516700
2020-03-25,139.87879943847656,146.93367575898048,137.51765848214595,141.7734331352431,75638200
2020-03-26,148.62838745117188,149.1520314608854,141.25932377290354,141.28788485275086,64568100
2020-03-27,142.5255889892578,147.46685932924893,142.0495516081798,144.4773451571793,57042300
2020-03-30,152.5509033203125,152.90318078769192,142.82070011414092,145.1342488589376,63420300
2020-03-31,150.1517333984375,156.88289514179772,149.05683858683773,151.76072771768509,77927200
2020-04-01,144.82012939453125,150.18983183432192,143.5919590318581,145.66747556672743,57969900
2020-04-02,147.81912231445312,148.02857992428844,143.15396179177512,144.58207393473876,49630700
2020-04-03,146.45765686035156,149.83752504353316,144.89625489063627,147.66679583020962,41243300
2020-04-06,157.3494415283203,158.52048972706922,150.0279823510586,152.6366731176125,67111700
2020-04-07,155.65469360351562,161.8526944982216,155.4357059688015,161.46234039547727,62769000
2020-04-08,157.21609497070312,158.68228357100458,155.66420860916136,157.73020890061215,48318200
2020-04-09,157.22561645507812,159.34873898293552,155.502363560662,158.38714875924393,51385100
2020-04-13,157.5779266357422,157.63506333834997,154.52177404799758,156.47353068635334,41905300
2020-04-14,165.37538146972656,165.42298811281455,159.94855829037607,160.90063304210452,52874300
2020-04-15,163.64260864257812,165.2516172547934,161.12913194567304,162.99519027424256,40940800
2020-04-16,168.55528259277344,168.78378572911677,164.613694287761,165.94660745850538,50479600
2020-04-17,170.04052734375,171.37342595685678,167.44135325693384,170.89738866253217,52765600
2020-04-20,166.670166015625,170.18332337929624,166.6035283523802,168.16493001095583,36669600
2020-04-21,159.7771759033203,165.34680393000076,158.14912184782517,165.18495298161926,56203700
2020-04-22,165.20404052734375,165.6610324111199,162.63344120577668,163.1761163438527,34620200
2020-04-23,163.20469665527344,166.67024911448806,162.71914362952913,165.7657807594686,32790800
2020-04-24,166.18467712402344,166.19419264314408,162.52871298530863,163.81400538707817,34277600
2020-04-27,165.7086181640625,168.42202256727543,164.9945620799262,168.12688171023376,33194400
2020-04-28,161.67184448242188,167.25100425490083,161.2719747478428,167.17483651581279,34392700
2020-04-29,168.92660522460938,169.16462389704049,163.64260231864407,164.91837891627318,51286600
2020-04-30,170.6212921142578,171.75424866294946,167.7840994020573,171.37342464141506,53875900
2020-05-01,166.2036895751953,170.07862610171935,165.67051553295815,167.37473740415624,39370500
2020-05-04,170.2689971923828,170.4213325963883,165.4705481862398,166.12748190444768,30372900
2020-05-05,172.09703063964844,174.84852615095244,171.27824575423404,171.96374075260462,36839200
2020-05-06,173.7917022705078,175.3721496947665,172.925325369685,173.35375606174136,32139300
2020-05-07,174.80091857910156,175.70538662746563,173.82979832935465,175.34359359711726,28316000
2020-05-08,175.8291778564453,176.13384878430378,174.57244659780275,176.11480321943526,30877800
2020-05-11,177.7904510498047,178.52353817638254,174.0868807074852,174.37249152173197,30892700
2020-05-12,173.76312255859375,178.07601914929393,173.56319503657724,177.84753055270363,32038200
2020-05-13,171.13543701171875,175.2293613589471,168.07927065962855,173.80124922811217,44711500
2020-05-14,171.87803649902344,172.03037193059697,167.26046860605703,169.03132804745684,41873900
2020-05-15,174.38201904296875,178.09510484951207,168.51723495019067,170.47850665967295,46610400
2020-05-18,176.04811096191406,177.27628075629804,175.14364303240586,176.84785010837362,35264500
2020-05-19,174.8295135498047,177.6571770843628,174.69622364870642,176.16241256078743,26799100
2020-05-20,177.2545166015625,177.4359169583452,175.61238593843544,176.4429932900514,31261300
2020-05-21,175.12542724609375,178.218745508789,174.9917661551853,177.0062391047125,29119500
2020-05-22,175.20181274414062,176.10881435595059,174.27572709584703,174.89630791276787,20826900
2020-05-26,173.3496551513672,178.05644865123975,172.9009326408034,177.9036889523315,36073600
2020-05-27,173.57875061035156,173.75060888438622,168.60463576734566,172.0416410004322,39517100
2020-05-28,173.18734741210938,175.8128447737856,172.2135370614424,172.55723911696234,33810200
2020-05-29,174.95358276367188,175.92740760351523,172.2421637494854,174.45712104187402,42130400
2020-06-01,174.55262756347656,174.71492930155677,173.24465707143892,174.27574875242263,22622400
2020-06-02,176.53846740722656,176.62438928948723,173.13964365231473,175.90834446804334,30794600
2020-06-03,176.96803283691406,177.5217757304487,175.26862152170563,176.45248714594837,27311000
2020-06-04,174.6385498046875,177.42634912002515,174.0466241036408,175.9560768868558,28761800
2020-06-05,178.72474670410156,179.2307504387571,173.76971525722357,174.35209883816228,39893600
2020-06-08,179.83224487304688,180.0136451993302,176.0897195580362,177.52180899547244,33211600
2020-06-09,181.20706176757812,182.06630964412432,178.78204871231318,179.4885514465179,29783900
2020-06-10,187.9283447265625,189.53229268503193,182.3622879583932,182.4768650348354,43872300
2020-06-11,177.83688354492188,186.8972273976251,177.64594118609818,184.38630697155543,52854700
2020-06-12,179.24032592773438,183.04013263127186,176.79621429280857,181.91354798974007,43373600
2020-06-15,180.38600158691406,182.1808918134006,175.67919303595784,176.2233940561889,32770200
2020-06-16,184.806396484375,186.7253913064373,182.79192319499927,184.15717495617497,42556700
2020-06-17,185.44602966308594,187.43186198574108,184.92092731873566,186.20025698099536,25687800
2020-06-18,187.43186950683594,187.59417122560848,185.21689755377494,185.21689755377494,23061600
2020-06-19,186.31478881835938,190.2673542096739,185.57010364086273,189.59904886678765,44441100
2020-06-22,191.48947143554688,191.67085720535485,186.39122164361794,186.92586606992526,32818900
2020-06-23,192.76878356933594,194.7164187390897,192.31050447342133,192.94062730432893,30917400
2020-06-24,188.88304138183594,194.04811398849358,187.6609929241231,192.47282147333826,36740600
2020-06-25,191.26986694335938,191.52764712810412,186.62035443908522,188.84486850692002,27803900
2020-06-26,187.4414520263672,190.8402759726296,186.05710154056524,190.68751623914207,54675800
2020-06-29,189.45590209960938,189.5418239761008,184.7872907599883,186.91632647376247,26701600
2020-06-30,194.29632568359375,195.1460314274732,188.78756594278659,188.92122702942044,34310300
2020-07-01,195.4324951171875,197.0078024498145,192.63515370126262,193.94312423395402,32061200
2020-07-02,196.92185974121094,198.6021875092701,195.7189097355974,196.3681166874613,29315800
2020-07-06,201.1608428955078,201.57138280923724,198.66900649142337,199.37550924846306,31897600
2020-07-07,198.8218231201172,204.95116641124574,198.57359943776262,200.92221881811577,33600700
2020-07-08,203.19439697265625,203.60492228255777,199.24183073570933,200.55935767068064,33600000
2020-07-09,204.61695861816406,206.58369257111062,201.8959826895734,206.53595333994855,33121700
2020-07-10,203.99636840820312,204.38780969065328,201.52363076769228,203.94862917922697,26177600
2020-07-13,197.6951904296875,206.02994730784758,197.15098942267588,204.76970154506353,38135600
2020-07-14,198.91725158691406,199.39461478768135,192.8833737365906,196.7977578100698,37591800
2020-07-15,198.62127685546875,201.76233491712242,195.74755559239682,200.07246508448742,32179400
2020-07-16,194.68777465820312,196.38718621345686,193.15066481688189,196.1007654255898,29940700
2020-07-17,193.6949462890625,195.7571447694292,192.27239834435238,195.21295815743474,31635300
2020-07-20,202.0200958251953,202.6884013378712,193.81898563689114,195.71889626461106,36884800
2020-07-21,199.29910278320312,204.2541343042326,198.61169872433393,203.98681212222417,37990400
2020-07-22,202.16329956054688,202.68840195351845,198.9554185219914,199.7287445152915,49605700
2020-07-23,193.37025451660156,201.37086541200424,192.99791184978267,197.80974046340648,67457000
2020-07-24,192.18641662597656,193.67578739689662,188.5679956116307,191.3462527785989,39827000
2020-07-27,194.62095642089844,194.73551891181646,191.7663196224682,192.34870323124602,30160900
2020-07-28,192.87380981445312,195.4324692873815,192.60648761781783,194.39182112419647,23251400
2020-07-29,194.82144165039062,195.38472665720974,192.86424986998557,193.33207098993546,19632600
2020-07-30,194.6686553955078,195.2033142745047,190.53470400200516,191.89995539853578,25079600
2020-07-31,195.7284393310547,195.81437577226183,190.00008136094036,195.14605568804103,51044000
2020-08-03,206.73641967773438,207.78662439979686,200.9125981832941,201.94370430096453,78983000
2020-08-04,203.63356018066406,205.0465655524078,200.78847996863612,204.47372396192068,49280100
2020-08-05,203.2994842529297,205.26621871532663,201.9915134744946,205.17074022827032,28806400
2020-08-06,206.55502319335938,206.5741072287933,201.97233443110602,202.72656173379298,32656800
2020-08-07,202.86024475097656,205.93446467221509,201.38041603878312,205.12295603956986,27820400
2020-08-10,198.8218231201172,202.28748549099694,197.00784832820304,202.0869864863461,36716500
2020-08-11,194.17222595214844,198.24889647860272,193.94308641173365,197.781089947876,36446500
2020-08-12,199.7191925048828,200.75984065200336,195.48020549800736,195.99575127842633,28013100
2020-08-13,199.2513885498047,201.78142214625402,198.72628613786478,199.9578913011391,22588900
2020-08-14,199.44232177734375,200.10108526689314,198.11525277954402,199.3086606756937,17958900
2020-08-17,200.75982666015625,201.62863100924193,199.461398429336,200.11061982872906,20184800
2020-08-18,201.9150848388672,202.7456921173846,199.7383098849835,200.99854111556277,21336200
2020-08-19,200.69009399414062,202.98698512417485,200.25943147075444,202.4031936048161,27627600
2020-08-20,205.3603973388672,205.7623499445164,199.9340152578286,200.53693686471104,26981500
2020-08-21,203.867431640625,206.95864805211912,203.70473757719722,204.67133687280338,36249300
2020-08-24,204.5086669921875,206.26004155714813,203.30279439814433,205.56139598647127,25460100
2020-08-25,207.16917419433594,207.30315838511353,203.94397392857317,203.94397392857317,23043700
2020-08-26,211.64810180664062,212.5477162669981,208.0209487114188,208.5186105709494,39600800
2020-08-27,216.8448028564453,221.21844139680744,209.97328995814232,213.31334445111278,57602200
2020-08-28,219.07472229003906,220.73038751877678,216.84483064743944,218.37607674576404,26292900
2020-08-31,215.83990478515625,218.8737012054003,214.6723219857965,217.24674611548022,28774200
2020-09-01,217.50518798828125,217.67744715159515,214.78719949612562,215.8207982855621,25725500
2020-09-02,221.69696044921875,222.85497822455,217.58172518572937,218.17508170027884,34080800
2020-09-03,207.96351623535156,219.4574907062767,205.7240599096668,219.4192157670536,58400300
2020-09-04,205.0445556640625,208.97796639418414,196.3738290656058,205.85804048929984,59664100
2020-09-08,193.95257568359375,201.0059138357892,193.51233347805703,197.62758390865628,52924300
2020-09-09,202.2117462158203,205.60922048804156,197.81896281811265,198.6803023452128,45679000
2020-09-10,196.54611206054688,205.51353258521655,195.34025420679887,204.23109563870372,35461500
2020-09-11,195.263671875,199.66603470298534,192.5935530845461,198.2974683069397,33620100
2020-09-14,196.5844268798828,200.211580595622,195.26371482037965,195.46469845676776,30375800
2020-09-15,199.8096160888672,200.7666503702022,198.03909682712376,199.4650831634592,21823900
2020-09-16,196.2398681640625,201.5992509913415,195.84748063223293,201.5705411332255,26328100
2020-09-17,194.19180297851562,195.55078971981436,191.36855515523817,191.45468472401757,34011300
2020-09-18,191.7800750732422,194.9000011831459,187.8179542280491,194.08653090763448,55225300
2020-09-21,193.8376922607422,194.0004009186753,187.94237293600173,188.71756826877157,39839700
2020-09-22,198.50802612304688,199.15881695339687,193.39746715141118,196.24942489391904,33517100
2020-09-23,191.97145080566406,199.15878565083352,191.43551409030673,198.9673671640514,30803800
2020-09-24,194.45977783203125,196.73752385885328,190.6412061876266,191.26328716801197,31202500
2020-09-25,198.89088439941406,200.05845286427996,193.8377296276605,194.80434366123527,29437300
2020-09-28,200.44125366210938,203.43677550782257,199.12054173723172,201.8193853049063,32004900
2020-09-29,198.35488891601562,201.04416709326736,197.92422647730663,200.35510135006018,24221900
2020-09-30,201.29298400878906,202.8720844325432,197.66581659194605,198.80468950747436,33829100
2020-10-01,203.33151245117188,204.79577375217923,202.24049394055493,204.31725660536154,27158400
2020-10-02,197.33087158203125,201.9246383727802,196.7087906293776,199.0631010382104,33154800
2020-10-05,201.34085083007812,201.36956068656312,198.0869259310169,198.31661938607914,21331600
2020-10-06,197.0629119873047,201.1494374315409,196.01974823333427,199.84788496263428,28554300
2020-10-07,200.81451416015625,201.08248260289216,197.83813682538224,198.16352499110658,25681100
2020-10-08,201.5322723388672,202.11606381034258,199.3693802101008,201.46527293243025,19925800
2020-10-09,206.5375518798828,206.5854065113337,202.1543334169171,202.1543334169171,26458000
2020-10-12,211.8873748779297,214.24168553354386,207.494591221442,209.38951492760037,40461400
2020-10-13,213.2846221923828,215.53365819061227,210.95902171302407,213.150638001202,28950800
2020-10-14,211.37057495117188,214.58621046182856,209.71490986658227,213.41862756429836,23421700
2020-10-15,210.22215270996094,210.89207378296717,206.7289688383401,207.77214729829,22733100
2020-10-16,210.22215270996094,212.7391429273404,209.8967645606699,210.69109015947322,26057900
2020-10-19,205.01585388183594,212.74869145685682,204.5373368136033,210.94946260728395,27625800
2020-10-20,205.4274139404297,208.03054849702008,203.9344427159821,206.52801218637964,22753500
2020-10-21,205.57093811035156,207.59984583306044,203.96311314649793,203.96311314649793,22724900
2020-10-22,205.65708923339844,206.77681755261816,202.60414764183804,204.7383299287346,22351500
2020-10-23,206.9395294189453,206.98738405615907,204.00144161478872,205.7910911417402,18879600
2020-10-26,201.05374145507812,207.04477013994912,199.15881787540803,204.66176438764387,37111600
2020-10-27,204.08753967285156,205.4465264613158,201.29300160884554,202.49885942315484,36700300
2020-10-28,193.9716796875,199.86701371354707,193.41661271649156,198.74728548055538,51195600
2020-10-29,195.9240264892578,198.45059598547172,194.63202458417425,195.30196015165865,31432600
2020-10-30,193.77072143554688,195.51251613796734,191.04316804272622,194.7564655227637,36953700
2020-11-02,193.63673400878906,196.45998201562932,191.52168197331255,195.51251288790638,30842200
2020-11-03,197.560546875,199.17793687834458,194.39276626640526,195.12968662953483,27512000
2020-11-04,207.0926513671875,208.93973515783054,203.29322403207328,204.82448475167834,42311800
2020-11-05,213.69613647460938,214.4904765251998,211.64808409709025,212.4998438568253,36080100
2020-11-06,214.10769653320312,214.72019784892188,208.66216949337468,212.7104201487786,25231900
2020-11-09,209.00672912597656,218.31866917408416,208.51864686926197,214.79678980908497,44395000
2020-11-10,201.94378662109375,207.1979097750766,200.70921889587157,205.28384132449852,44045100
2020-11-11,207.2457275390625,208.67169893503305,203.08262355837596,203.26446236534204,29440800
2020-11-12,206.18345642089844,209.69577028534576,205.2455669663313,207.87741109338322,21593900
2020-11-13,207.2074432373047,208.078347754169,204.95842191301892,207.06389396669238,18621100
2020-11-16,207.89654541015625,208.38464222221836,205.30299077827922,205.63794400285644,24953300
2020-11-17,205.2455596923828,208.327196362461,204.88188202560576,206.81509518658177,24154100
2020-11-18,202.53965759277344,206.4641717610796,202.3957178415829,205.00566720255588,28372800
2020-11-19,203.825439453125,204.41075930786246,201.43618011662315,202.82752451855407,24792700
2020-11-20,201.87757873535156,204.66023830979884,201.50335879752706,203.61434343759902,22843100
2020-11-23,201.60890197753906,203.7006916515508,199.73780235137832,202.41491187166753,25683500
2020-11-24,205.20718383789062,205.581403777196,200.40948479991638,201.10994475986428,33979700
2020-11-25,205.21676635742188,206.5793110767255,203.86382640634406,206.40660094564046,21012900
2020-11-27,206.52175903320312,207.51968868227826,205.37990426234612,206.15714384421696,14512200
2020-11-30,205.40867614746094,206.0707462595316,202.30935229104347,205.43746116792425,33064800
2020-12-01,207.4620819091797,208.52717154607495,204.7177978221333,205.83085273018764,30904500
2020-12-02,206.65611267089844,206.75207252168758,204.19010263292742,206.18594746971735,23724500
2020-12-03,205.57180786132812,207.62522240610232,205.0056682633133,205.9268328948881,25120900
2020-12-04,205.6869659423828,206.66570070378134,204.5547012887225,205.55263094700783,24666000
2020-12-07,205.61978149414062,206.81920626860725,204.3723914418279,205.69654643667639,24620000
2020-12-08,207.27017211914062,208.17214180932788,204.27641284227593,205.31271750920934,23284100
2020-12-09,203.23052978515625,206.52174422620556,202.6644048248487,206.45458405466127,32440600
2020-12-10,202.0023193359375,204.45873883924034,201.84878945662726,203.20174406539516,26733300
2020-12-11,204.6314697265625,204.68905441820556,200.64938507745762,201.5513549081159,30979400
2020-12-14,205.5334014892578,207.4620856631206,204.26681669461775,204.47791660062674,28798400
2020-12-15,205.46627807617188,206.70407807244058,203.6527482984566,206.46419310374057,27000600
2020-12-16,210.4078826904297,211.20430246821877,206.0323836174708,206.06116863968117,35023300
2020-12-17,210.542236328125,211.95276110706337,209.10292652442595,210.9740263409514,32515800
2020-12-18,209.74581909179688,210.80131881755383,207.27980921095252,209.74581909179688,63354900
2020-12-21,213.583984375,214.93693915774554,208.48882981169982,208.74790968617424,37181900
2020-12-22,214.87933349609375,216.50095801273704,212.87389893684067,213.67990881116995,22612200
2020-12-23,212.07749938964844,214.51472413933894,211.86639945368123,214.08293413992092,18699600
2020-12-24,213.7374725341797,214.56267727866629,212.2501830405636,212.4612829501821,10550600
2020-12-28,215.85804748535156,216.8847473038764,213.99653820983218,215.36867289022052,17933500
2020-12-29,215.08084106445312,217.98824549729198,214.53391099007936,217.15345055362997,17403200
2020-12-30,212.7107696533203,216.50096346628422,212.50927450036974,216.1171387725915,20272300
2020-12-31,213.42083740234375,213.97737223508196,210.79169311832163,212.7299675852491,20942100
2021-01-04,208.88221740722656,213.9773713050936,206.1187381508586,213.52638643641092,37130100
2021-01-05,209.08370971679688,209.678634329478,206.97272515420607,208.46960485056292,23823000
2021-01-06,203.66232299804688,207.73077702990682,203.36486800201897,203.58555805690816,35930700
2021-01-07,209.4579315185547,210.46545121287744,205.06325222351228,205.37988746553668,27694500
2021-01-08,210.734130859375,211.65529553000536,208.2489262362572,209.8321610847662,22956200
2021-01-11,208.69032287597656,210.0528676774654,207.961063234746,209.63066780968265,23031300
2021-01-12,206.23388671875,208.31610101495866,204.68904166255604,207.74037126573907,23249300
2021-01-13,207.5868377685547,207.9898427294301,205.27434332602658,205.36071303589776,20087100
2021-01-14,204.4011688232422,208.66152780549393,204.13249885511956,207.17423821247684,29480800
2021-01-15,204.04615783691406,205.83090267119468,203.45124777262626,204.88096752227284,31746500
2021-01-19,207.6827850341797,208.2009300549652,204.0269409433611,205.10162077397675,30480900
2021-01-20,215.26318359375,216.65451355887006,208.49842418374584,208.89183906754494,37777300
2021-01-21,215.86766052246094,217.1438501575346,213.42083121134726,215.60858068821213,30709400
2021-01-22,216.80801391601562,220.76132783056934,216.66408880322285,217.89229857043895,30172700
2021-01-25,220.2431640625,220.48304900698852,215.14801018418993,219.8497492395992,33152100
2021-01-26,222.92987060546875,224.7050103480152,220.7709061802584,222.47888575422274,49169600
2021-01-27,223.47683715820312,230.71177621326336,220.82851230150155,228.37049651144372,69870600
2021-01-28,229.26280212402344,232.82270067671087,225.57817337268278,226.0771380915351,49111200
2021-01-29,222.5748291015625,228.38963718019693,221.98950931508602,226.44177281435506,42503100
2021-02-01,229.95370483398438,232.68839909225326,223.02582637835746,225.54942071149748,33314200
2021-02-02,229.81935119628906,232.50606531871057,229.03253624582663,231.53693548030532,25916300
2021-02-03,233.16815185546875,235.17358635543027,229.57946803336847,229.87693764522302,27158100
2021-02-04,232.2182159423828,233.39846040880124,230.64457129523996,232.84192558169505,25296100
2021-02-05,232.4005584716797,233.4368633100368,230.69257863848463,232.42934349707153,18054800
2021-02-08,232.6595916748047,233.82062650984076,231.0667522626685,233.31207164136814,22211900
2021-02-09,233.90701293945312,234.85694793762076,231.61371348356542,232.08387859856478,23565000
2021-02-10,232.99546813964844,235.97003282257953,231.1435486574617,235.0872579374984,22186700
2021-02-11,234.59791564941406,235.23120085655134,232.35258115375976,234.87617577846046,15751100
2021-02-12,235.07766723632812,235.37512223975358,232.90909785912032,234.0605427220062,16561100
2021-02-16,233.83982849121094,236.17151764085375,233.0913886756254,235.11601808481555,26728500
2021-02-17,234.8592987060547,234.9650917712769,231.72399963468183,232.0894692554744,21653500
2021-02-18,234.46495056152344,234.5995949311717,231.647031012765,232.55107806974718,16925600
2021-02-19,231.7528533935547,234.53230976349187,230.99306282392587,234.42651669715636,25262600
2021-02-22,225.53994750976562,228.82913016967538,223.51065478002488,228.33864303907808,36446900
2021-02-23,224.3473663330078,225.84769358188825,219.98101428804915,221.51981974467014,30228700
2021-02-24,225.57839965820312,226.20353110586373,220.24068577960895,221.2120477133172,26339700
2021-02-25,220.23110961914062,225.61690012530303,219.16356666865607,223.2029132170625,39542200
2021-02-26,223.49142456054688,226.36704708770696,220.76004395905966,222.6739313555886,37819200
2021-03-01,227.8769989013672,228.38672511898815,224.23195895822414,226.87677089593706,25324000
2021-03-02,224.92440795898438,228.22321721235295,224.5204748274745,227.9443015684846,22812500
2021-03-03,218.8557891845703,224.6455272759705,218.56726130025564,223.279844277028,34029500
2021-03-04,218.0575408935547,223.59722946005738,215.68201757357087,218.06716778420983,44727800
2021-03-05,222.74119567871094,224.34731562313735,217.79780371124087,220.7407549073236,41872800
2021-03-08,218.69229125976562,224.443551081611,218.44224158929848,222.5200514391749,35267400
2021-03-09,224.8378448486328,226.37665024660328,222.808552384188,223.97227598423436,33080500
2021-03-10,223.5298614501953,227.93467679656288,223.16439187152451,227.93467679656288,29746800
2021-03-11,228.05970764160156,230.02167054315927,225.34756648415365,225.97271258487288,29907600
2021-03-12,226.73248291015625,226.79981243058896,224.30886965187727,225.05903321453633,22653700
2021-03-15,225.8284454345703,226.19391501778802,222.94319632529994,225.97271669511534,26034900
2021-03-16,228.61752319335938,230.87762613927848,226.91522214846157,227.24221351806312,28092200
2021-03-17,227.97312927246094,229.42538062772473,224.3088654749819,227.1171726758717,29562100
2021-03-18,221.89491271972656,225.23218566499116,221.51983088863727,223.66452881126907,34833000
2021-03-19,221.53909301757812,223.5779980882051,220.57734312763878,222.18346368282081,46430700
2021-03-22,226.9633331298828,227.83851426603098,221.3370911146356,221.46212328057254,30127000
2021-03-23,228.4925079345703,231.82978074938532,228.002020843899,228.4059539788877,31638400
2021-03-24,226.45358276367188,228.8964204577157,226.31893839746687,228.75216387790152,25620100
2021-03-25,223.45297241210938,227.8770279046883,222.71243554139588,226.2997586262725,34061900
2021-03-26,227.4345703125,227.65578331481655,222.69315122370767,222.69315122370767,25479900
2021-03-29,226.2420196533203,227.74234693638846,223.0105398608901,227.54037302898925,25227500
2021-03-30,222.98165893554688,224.90515820719227,222.26034670867986,224.5973912796643,24792000
2021-03-31,226.75173950195312,229.95436788577308,223.50102069627698,224.00113466833557,43623500
2021-04-01,233.08004760742188,233.5512955722621,228.9445209279314,229.34845404428125,30338000
2021-04-05,239.5430145263672,240.39897120703446,233.41665871011114,233.4743613464268,36910600
2021-04-06,238.3792724609375,239.86036048740036,237.43676189864294,238.13883504478127,22931900
2021-04-07,240.3412628173828,241.33186391127126,237.73492914613195,238.3312093103771,22719800
2021-04-08,243.56312561035156,244.41908230584644,242.3609384158286,243.10148983669302,23625200
2021-04-09,246.0636444091797,246.19828876802333,242.78407470611,243.19761999572466,24326800
2021-04-12,246.12136840820312,247.81405726650726,244.8807030813656,244.96727170717304,27148700
2021-04-13,248.60267639160156,249.27591293750018,247.00616833012472,247.41974301703107,23837500
2021-04-14,245.81361389160156,248.92967367444348,245.40006854516722,247.63133499844136,23070900
2021-04-15,249.5740509033203,249.9875962364744,247.87176447481755,248.06409680754706,25627500
2021-04-16,250.76657104492188,251.0166353227696,247.7466926867027,249.5451596690261,24878600
2021-04-19,248.84312438964844,251.4783386995464,247.95833104347497,250.23767328668572,23209300
2021-04-20,248.3815155029297,250.24731248370563,247.01581785761766,247.9583432382006,19722900
2021-04-21,250.61277770996094,250.70895857066205,247.41016343558758,249.035523125519,24030400
2021-04-22,247.33319091796875,251.7668430840579,245.86170033030186,250.25688896426033,25606200
2021-04-23,251.16099548339844,251.50724073017807,247.429400952962,248.01608368907097,21462600
2021-04-26,251.54563903808594,252.40161041619083,250.21844901797465,251.65144677426986,19763300
2021-04-27,251.9495849609375,253.12292083823525,250.17034204081673,251.57448846765723,31014200
2021-04-28,244.82301330566406,246.72728837126857,243.2745956256258,246.2848623553483,46903100
2021-04-29,242.85140991210938,246.30410246614957,239.47567376972953,245.68858324908823,40589000
2021-04-30,242.5340576171875,243.39964124261698,240.0527560463134,240.18740043136188,30945100
2021-05-03,242.22628784179688,244.62104995508665,241.51458775779273,243.70737597050828,19626600
2021-05-04,238.31195068359375,241.60114755760276,236.35959997498009,241.3703223475441,32756100
2021-05-05,237.04244995117188,239.956550370843,236.41731851565086,239.5333781544318,21901300
2021-05-06,240.1777801513672,240.3028123249024,235.3305674810805,237.02324189329505,26491100
2021-05-07,242.80337524414062,244.57299145817746,241.56270971110115,242.50522046149104,27032900
2021-05-10,237.72531127929688,242.1012758551177,237.66760863864906,241.27417043051173,29299900
2021-05-11,236.8116455078125,237.16750290744034,233.29165244697984,235.19591291269418,33641600
2021-05-12,229.8582000732422,235.0324186454118,228.96377981158372,232.90694515001726,36684400
2021-05-13,233.73402404785156,236.20572777471372,232.18560647279034,232.55107604800216,29624300
2021-05-14,238.65818786621094,239.64878890678136,236.0999447564151,236.18649870944293,23901100
2021-05-17,235.80181884765625,237.15788964478247,234.2053252655451,237.1194261082235,24970200
2021-05-18,233.78211975097656,236.9847480255134,233.60899717322914,236.85010365399245,20168000
2021-05-19,234.36050415039062,234.46654149415752,230.00336806420503,230.68777888477277,25739800
2021-05-20,237.5994415283203,239.01647932099823,235.07384355914962,235.17024649146305,21800700
2021-05-21,236.336669921875,239.3828205439802,235.92216962475908,238.65020818420544,21863100
2021-05-24,241.74452209472656,242.11083559355552,238.592334424491,238.86224498919998,21411500
2021-05-25,242.65069580078125,243.64358440422285,241.78312809007352,242.69889727560388,17704300
2021-05-26,242.42893981933594,243.82669406493432,241.71559637327553,242.37108923531312,17771600
2021-05-27,240.32749938964844,242.41931375220793,240.26966350914816,242.12048523027423,24426200
2021-05-28,240.6841583251953,242.99769645582094,240.56848656682214,241.9566065033929,18270200
2021-06-01,238.48631286621094,242.23615779093328,238.0621781714677,242.1783219102421,23213300
2021-06-02,238.38995361328125,240.28897704161187,236.9825499396103,239.19005104782374,19406700
2021-06-03,236.85719299316406,237.4644843931223,234.24482652171346,236.38484216295458,25307700
2021-06-04,241.754150390625,242.5831655924148,238.59232839054823,238.83332101073105,25281100
2021-06-07,244.66539001464844,244.9353006217926,240.80950738798924,240.97338063453927,23079200
2021-06-08,243.4700469970703,246.78610801695257,243.4121964089367,245.96672717215935,22455000
2021-06-09,244.4532928466797,246.32339810233208,244.0869940329192,244.6653675483943,17937600
2021-06-10,247.97177124023438,248.18384593485345,244.53040407577595,245.1280611011444,24563600
2021-06-11,248.598388671875,249.17674748933388,247.36447807983552,248.69476219608634,18999700
2021-06-14,250.5262908935547,250.5841267663084,247.54759635652425,248.6079697204137,19150500
2021-06-15,249.05140686035156,250.62268349864868,248.39591397383663,250.41060880971204,18038900
2021-06-16,248.1067657470703,251.19145411585617,245.25340620695536,250.0539758314548,27220000
2021-06-17,251.4999237060547,252.3193045998261,246.78612276850885,246.84395865107643,27565500
2021-06-18,250.0828857421875,252.8494766577923,249.42739279440235,250.27569162944107,37202200
2021-06-21,253.16758728027344,254.0255057623141,248.62729428014612,250.45883242002785,26696100
2021-06-22,255.94378662109375,256.2136971524737,252.94582342301248,253.25430100688712,24694100
2021-06-23,255.7124481201172,257.2162397712295,254.90271641706022,256.4065080681725,19518700
2021-06-24,257.081298828125,258.1995081549481,255.9052536238839,256.570395632236,21446900
2021-06-25,255.47142028808594,257.6210848324682,255.22080799279775,256.63784563239585,25611100
2021-06-28,259.0382080078125,259.2117156736993,256.3294526908362,256.599363310455,19590000
2021-06-29,261.6215515136719,261.8625441052316,258.32478933523726,259.1827076638087,19937800
2021-06-30,261.13958740234375,261.5830055695424,259.8864375923306,260.93716184615096,21656500
2021-07-01,261.8143615722656,262.0457050501171,259.88642080872614,259.8960405082757,16725300
2021-07-02,267.6463928222656,267.98378836748816,262.6819508278436,262.99042843593526,26458000
2021-07-06,267.6560363769531,269.3044175952349,264.4170803954058,268.012700733501,31565600
2021-07-07,269.84429931640625,270.576926430487,267.16446206306597,269.3333960442315,23260000
2021-07-08,267.4246826171875,268.6874814939076,264.96654043436456,266.92339917919395,24618600
2021-07-09,267.92596435546875,268.0319869902947,265.4003663407423,265.78594865890636,23916700
2021-07-12,267.3282775878906,269.689987409994,266.61491948975805,269.10197958841474,18931700
2021-07-13,270.8564758300781,272.6590961854653,267.3958248289247,267.5211162985636,26120100
2021-07-14,272.3313293457031,273.43988959398905,270.44192588774035,272.1770905276217,23113700
2021-07-15,270.9046325683594,272.33131952060614,269.7478561835057,271.83968514433656,22604200
2021-07-16,270.63470458984375,273.8640114899297,269.39117446883466,271.9071526477115,26186800
2021-07-19,267.02947998046875,270.26840676845325,264.5617178320867,268.88028688273266,32935600
2021-07-20,269.2562561035156,270.84680159797193,266.3065086285469,268.01272587997516,26259700
2021-07-21,271.26129150390625,271.37696325645936,267.29938688873733,268.8513652655665,24364300
2021-07-22,275.8304443359375,276.1003548124637,273.2084442419533,273.61329524772486,23384100
2021-07-23,279.2333984375,279.54184669585493,276.17759845308217,277.01624823364324,22768100
2021-07-26,278.6356201171875,279.25257526675557,276.3124774430795,278.58743336652026,23176100
2021-07-27,276.2161560058594,279.14660557665127,272.7555049311184,279.0020158639558,33604100
2021-07-28,275.9076843261719,279.69608197123205,273.6037803210582,278.5778724720444,33566900
2021-07-29,276.1775207519531,278.22113330159044,275.7726402383259,275.92687903313424,18168300
2021-07-30,274.64483642578125,276.3317847869034,273.6808659337114,274.8954781674937,20944800
2021-08-02,274.5580749511719,276.43779970743464,273.5169703746794,276.0425682865481,16267400
2021-08-03,276.7752380371094,276.88129010205466,273.76765442774865,275.13650564382874,17879000
2021-08-04,276.1872253417969,277.2283006433001,274.3942247328133,275.90766563142967,16191300
2021-08-05,279.0887451171875,279.194797175859,275.79198228582163,276.5438781436811,13900200
2021-08-06,279.0308837890625,279.06945084488444,277.2571816558268,278.1151294941113,16589300
2021-08-09,277.9416198730469,281.04560626695286,277.44036577008546,279.31047101835446,16117600
2021-08-10,276.1197814941406,278.82853692377614,274.9244671886936,278.3947383229659,18616600
2021-08-11,276.6113586425781,278.2597400314421,275.56060486449303,276.86197097908934,13955900
2021-08-12,279.3683166503906,279.52255547623497,276.0233374986392,276.3028972091101,14561300
2021-08-13,282.29876708984375,282.3469538476738,278.87665416060753,279.05019120849465,18249000
2021-08-16,283.9856872558594,284.1977619217253,279.5706863259346,282.6264854543607,22507600
2021-08-17,282.52044677734375,282.85784231873345,280.5925058757382,281.8553342308899,20075300
2021-08-18,280.7916564941406,284.7418398373569,280.3473599755678,282.0568729168721,21813000
2021-08-19,286.6251525878906,287.3012354570532,278.77309466681965,278.82137366846274,29850500
2021-08-20,293.9557189941406,295.3851371652014,287.87109049346134,289.47434845611576,40817600
2021-08-23,294.23583984375,294.9602018470455,291.53156682119305,292.88370333247155,22830200
2021-08-24,292.2752380371094,295.2016593865255,291.67643682310614,294.59319058056553,18175800
2021-08-25,291.6861267089844,294.1779192519182,290.150482663144,293.89782433305635,20006100
2021-08-26,288.86590576171875,292.0917276855508,288.7307068475188,290.7009502786529,17666100
2021-08-27,289.4743347167969,290.58501707619024,286.68311269534024,288.76927851853645,22605700
2021-08-30,293.2120056152344,293.82047426527265,290.76849289996,290.82643948812,16348100
2021-08-31,291.56048583984375,294.09091858434346,291.1934711106061,294.0136662870955,26285300
2021-09-01,291.5121154785156,294.7572712868503,291.1837417047928,292.5165719756613,18983800
2021-09-02,290.8554992675781,292.9899444977672,289.9186565146118,291.86962381064285,16285600
2021-09-03,290.8458557128906,292.25593887497536,289.9959328838972,290.70095972775636,14747900
2021-09-07,289.9186096191406,290.7975056245517,288.0063130018472,290.72025332131614,17180400
2021-09-08,289.94757080078125,290.33389124954,287.30124477870487,289.53227705522465,15046800
2021-09-09,287.0888366699219,291.81169156216345,286.84738264412715,290.5368072321189,19927000
2021-09-10,285.6014099121094,289.6675160495283,285.28270363564104,288.2187922077664,19633400
2021-09-13,286.83758544921875,288.33461741736176,284.027058321927,287.3784398646747,23652900
2021-09-14,289.5420227050781,291.08733439108437,287.9097911052449,289.31987438683,21853400
2021-09-15,294.40008544921875,294.88299352345166,291.5026370038211,292.89341461556154,28356300
2021-09-16,294.78631591796875,294.8732358078409,290.47878546514823,293.3762330249968,19550800
2021-09-17,289.61920166015625,294.09093387637466,289.29082779964784,293.7722276064099,41372500
2021-09-20,284.2395324707031,288.50845058937205,279.62293486760143,286.200137050644,38278700
2021-09-21,284.7225646972656,287.3689207628151,284.01753783211063,285.58215514439695,22364100
2021-09-22,288.3733215332031,289.9572738836684,284.44247290611344,286.5865855546917,26626300
2021-09-23,289.31976318359375,290.6139527493069,287.3591583936492,288.6340422551664,18604600
2021-09-24,289.11700439453125,289.55160387819416,286.77971687639047,288.035295269375,14999000
2021-09-27,284.1141052246094,286.3354702312346,282.92614093577845,286.0167639204759,23571700
2021-09-28,273.828125,280.83995816392877,273.0844573361507,279.89344793091414,43186200
2021-09-29,274.2917785644531,276.96707861080546,273.33563003576245,275.3541821932033,26353700
2021-09-30,272.2828369140625,277.99078305918914,271.9930744536801,275.9432580263495,32343600
2021-10-01,279.2174072265625,280.06733000946844,271.6743867398195,272.4760010388448,30086300
2021-10-04,273.43218994140625,277.9135909245153,270.6699699621039,277.5755493847289,31350700
2021-10-05,278.8890075683594,280.47293031117425,274.33999347653463,274.33999347653463,24993000
2021-10-06,283.09027099609375,283.5925141040802,275.75009408057105,276.010853750545,28002600
2021-10-07,284.77081298828125,286.4996316351916,283.8726113098916,285.0895192542269,20430500
2021-10-08,284.77081298828125,286.4996316351916,283.71807723494913,286.0939760041724,17685700
2021-10-11,284.17205810546875,287.78420058758314,282.74263978544866,282.90684147752927,19298600
2021-10-12,282.86822509765625,285.3407119645678,282.3563437417965,285.244124459348,17974100
2021-10-13,286.1808776855469,287.11772019165227,283.4572700524126,284.82874145878634,23416300
2021-10-14,292.4007263183594,292.90293991134115,287.6488997295382,288.981730216928,27262900
2021-10-15,293.8108825683594,294.0426984552366,290.2470191041672,292.00481133068763,25384800
2021-10-18,296.7855529785156,297.67408703145924,292.34279429071773,293.19271693221856,22729300
2021-10-19,297.6934509277344,298.72685155917264,296.7179674190472,297.809344121962,17682100
2021-10-20,296.90142822265625,299.11315458006106,295.64585004198904,298.6398848120624,16537100
2021-10-21,300.136962890625,300.38805498571867,295.8873492891924,296.66968729600904,16918100
2021-10-22,298.5917053222656,300.45572329837756,297.27818011582957,299.7893078396651,17449300
2021-10-25,297.596923828125,298.82349968174236,295.9839979495355,298.7848587843714,17554500
2021-10-26,299.5091552734375,301.72088194222226,298.05079330373104,300.36874557406037,28107300
2021-10-27,312.122802734375,314.95263684013287,305.19788831248667,305.19788831248667,52588700
2021-10-28,313.26239013671875,313.764603789262,310.3745805800996,313.24305495530734,26297900
2021-10-29,320.2839050292969,320.65091983416227,312.82780414815437,313.0499524443534,34766000
2021-11-01,318.11077880859375,320.1583038041811,315.2133311036617,320.03274302106945,27073200
2021-11-02,321.7422790527344,322.05134723722267,318.71927034838023,319.0186709413644,26487100
2021-11-03,322.58258056640625,323.45180917006473,319.3470907047737,322.4859930605845,21500100
2021-11-04,324.9390563964844,325.03564386727993,318.24596025880055,321.5104222409273,23992200
2021-11-05,324.572021484375,327.2087089537087,322.9880990645026,326.93828173693265,22570100
2021-11-08,325.4703369140625,326.1077790354794,323.00751780917733,325.76973752761745,20897000
2021-11-09,324.4659423828125,327.1412424663178,323.09447050222167,325.58626316210496,21307400
2021-11-10,319.49200439453125,323.19109714560267,318.64211085118416,323.1331505284284,25500900
2021-11-11,321.066162109375,322.36035183631327,319.21181214739465,319.9265064583286,16849800
2021-11-12,325.2095947265625,325.70217036384037,322.379760659123,322.5053214666148,23831000
2021-11-15,324.5818176269531,326.32994237675246,322.6115445676067,326.00156844592266,16723000
2021-11-16,327.9042053222656,329.02455543876874,324.04094125475103,324.2051134719756,20886800
2021-11-17,328.126708984375,331.0971955801469,327.04302085871814,327.95255114881303,19053400
2021-11-18,330.20703125,331.34880160200635,326.1915678093843,327.21720340062717,22463500
2021-11-19,331.9873962402344,333.9129065317172,331.10692167581175,331.5326605674157,21963400
2021-11-22,328.8136901855469,338.3347320880204,328.5427681495114,333.44842063285876,31031100
2021-11-23,326.7333679199219,328.4460084531874,322.7469313241808,326.12378600321955,30427600
2021-11-24,326.9559631347656,327.1978588759329,323.0856312760888,325.3787981778286,21661300
2021-11-26,318.99273681640625,326.97529607751204,317.4833097911147,323.5113621421092,24217200
2021-11-29,325.7174377441406,328.03963080841186,323.88869188174414,324.08222027388626,28563500
2021-11-30,319.8732604980469,326.8301846318638,318.32512179204315,324.44993871925334,42885600
2021-12-01,319.3797912597656,328.28156688324964,318.71218613988026,324.2661032432016,33337600
2021-12-02,318.80889892578125,322.6792307522383,317.17368136684007,319.59263875837576,30766000
2021-12-03,312.5389099121094,321.9147890134421,307.7203372426535,321.22778400852394,41779300
2021-12-06,315.6158142089844,316.8349779022691,308.88144665160763,313.4484383349509,30032600
2021-12-07,324.0628662109375,324.91431432856854,319.3991097138028,320.88919559415706,31021900
2021-12-08,324.1112365722656,324.6240543144924,320.0764029941524,324.44021120612,24761000
2021-12-09,322.3018798828125,325.5819706607434,321.35363798124615,323.5694111588265,22214200
2021-12-10,331.4358215332031,331.88090135456383,323.937054811635,324.1208979064264,38095700
2021-12-13,328.39764404296875,332.64534732460373,328.08801041527346,329.636149025462,28899400
2021-12-14,317.6961975097656,323.79198810435076,313.6033108046137,322.41800725694964,44438700
2021-12-15,323.80157470703125,324.3240776814525,313.9806152960324,317.9573663886095,35381100
2021-12-16,314.3677062988281,325.8432558694364,312.54864556031464,324.8272760169912,35034800
2021-12-17,313.3033752441406,314.3870930482203,306.9657181696841,310.4780493148756,47750300
2021-12-20,309.5394287109375,312.33572775319794,307.2752884173399,309.6748749533144,28326500
2021-12-21,316.68023681640625,317.10597568318013,309.4330203308387,312.8099049572173,24740600
2021-12-22,322.3986511230469,322.7953341481106,315.19014632592007,317.6574710399496,24831500
2021-12-23,323.8403015136719,325.4852041450204,321.9438474243752,321.963188450899,19617800
2021-12-27,331.3487548828125,331.3777811868385,324.55630445788313,324.5853307619091,19947000
2021-12-28,330.1877136230469,332.6647238523587,329.2878684793036,332.0261155001983,15661500
2021-12-29,330.8649597167969,333.1387557390819,328.6685277999919,330.2360072562147,15042000
2021-12-30,328.3202209472656,332.0067092569597,327.8364295204996,330.82625699451927,15994500
2021-12-31,325.4174499511719,328.3588803627505,324.96268486023365,327.53645861657736,18000800
2022-01-03,323.89837646484375,327.0430208965413,319.08948826047026,324.4789321117376,28865100
2022-01-04,318.3444519042969,324.33379227694843,315.5481232153685,323.975761808593,32674300
2022-01-05,306.1239013671875,315.4997826044344,305.73687408915134,315.2965689226274,40054300
2022-01-06,303.70489501953125,308.3686512181517,301.39235794610454,302.99854894295123,39646100
2022-01-07,303.8597106933594,306.2399561127619,300.0377468231346,303.9661306277529,32720000
2022-01-10,304.08221435546875,304.517638395895,294.812784781449,299.4571700806818,44289500
2022-01-11,304.769287109375,306.3464225083594,299.84429345523614,303.221148489365,29386800
2022-01-12,307.95263671875,312.92602760824207,306.80121056428135,309.3072765675064,34372200
2022-01-13,294.9193115234375,310.47806401473673,294.14525686930887,310.0813514078008,45366000
2022-01-14,300.1442565917969,300.74415332363384,293.90333446831437,294.38712596538153,39846400
2022-01-18,292.83892822265625,299.75713933010854,291.95842433213926,294.2129087897325,42333200
2022-01-19,293.4969177246094,303.73396167938847,292.8873652813076,296.36098446324274,45933900
2022-01-20,291.82305908203125,301.54725709970177,291.37797913887493,299.050905777843,35380700
2022-01-21,286.43359375,294.25165138229846,286.0271958983454,292.8777000608215,57984400
2022-01-24,286.76251220703125,287.4785140362115,267.1012224531404,282.72770843175715,85731500
2022-01-25,279.1380310058594,285.42732097416655,275.9256776481644,282.0698065330309,72848600
2022-01-26,287.0915832519531,298.4993966630095,283.53088440772297,298.00591981590645,90428900
2022-01-27,290.1200256347656,297.33818511520883,288.2719389279167,292.8486162403718,53481300
2022-01-28,298.2670593261719,298.4799287061384,284.90474429791,290.497371249815,49743700
2022-01-31,300.89898681640625,302.25359717758414,296.4384136116129,298.93479441062544,46444500
2022-02-01,298.7508850097656,300.5602601832143,295.23855460093705,300.34739077879186,40950400
2022-02-02,303.2984924316406,304.90468340297207,298.8669762554386,299.5926633463742,36636000
2022-02-03,291.48431396484375,301.1408007887822,290.2361239043447,299.4571866637444,43730000
2022-02-04,296.02227783203125,298.78955040697974,290.2458074590502,290.4780178770086,35096500
2022-02-07,291.194091796875,297.8607227658091,290.1781120131645,296.244875824076,28533300
2022-02-08,294.6871032714844,295.6546863606417,290.2265594040496,291.48440560863713,32421200
2022-02-09,301.1214904785156,301.81815140418445,297.4253459420539,299.8249328306882,31284700
2022-02-10,292.57769775390625,299.0991965098226,290.95216570355126,294.183888778049,45386200
2022-02-11,285.47564697265625,294.42578816713433,284.68222196376286,293.3614411464584,39175600
2022-02-14,285.43695068359375,287.13990600791016,281.9052790638438,284.24681310649265,36359500
2022-02-15,290.7297058105469,291.048995252709,287.3915321828367,290.2846258362835,27058300
2022-02-16,290.3902587890625,291.7185834522339,284.74727570714555,289.2946246977342,29982100
2022-02-17,281.8870849609375,287.7724356407643,281.17927819469634,287.3458164377349,32461600
2022-02-18,279.17218017578125,284.9218034378094,277.6014595831245,284.13644314148104,34264000
2022-02-22,278.9686584472656,282.6724757487211,275.8465973568757,276.33138926787194,41736100
2022-02-23,271.74517822265625,282.8275409854315,271.5803655847503,281.35375501257334,37811200
2022-02-24,285.629638671875,286.1823084436964,263.2613371745761,264.2212450912512,56989700
2022-02-25,288.266845703125,288.57711950054835,282.77899996721817,286.1628662410245,32546700
2022-02-28,289.7018737792969,290.04123393567045,284.087976805865,285.35812887426613,34627500
2022-03-01,285.9786682128906,290.8459667826752,283.2638166303118,287.384546549291,31217800
2022-03-02,291.059326171875,292.3003920940344,284.7667375809277,286.37622044505133,31873000
2022-03-03,286.919189453125,293.90987886372875,285.10604328173724,293.6771882703284,27314500
2022-03-04,281.04345703125,286.6670590433166,278.43530465770755,285.33873439242245,32356500
2022-03-07,270.42657470703125,280.8786850901457,270.0581281920922,279.75396452482715,43157200
2022-03-08,267.4596252441406,275.3229335452845,261.7875556211475,269.35029539224405,48159500
2022-03-09,279.72491455078125,280.7914626038532,272.2397267456058,274.8188230959986,35204500
2022-03-10,276.90338134765625,277.88267026842374,272.04575796281966,274.41154435304935,30628000
2022-03-11,271.5512390136719,280.7041089826737,270.9306914140536,279.201236908851,27209300
2022-03-14,268.03173828125,276.71920052795855,267.4306010814308,271.8131090457165,30660700
2022-03-15,278.4158935546875,279.0655275130415,270.2520171295623,271.8227376508679,34245100
2022-03-16,285.4356994628906,285.6102173906511,274.58605778034723,280.3162702005297,37826300
2022-03-17,286.2405090332031,286.61863130022596,280.5684383130834,284.3692195417673,30816600
2022-03-18,291.2919921875,291.8446619377946,283.8262162636274,286.3859015665902,43390600
2022-03-21,290.0605773925781,291.01077978950843,285.9301425844851,289.79880052322176,28351200
2022-03-22,294.81158447265625,295.7229954158394,289.68247898846056,290.68114890416,27599700
2022-03-23,290.380615234375,294.0068784229763,288.66446272341494,291.36960955369653,25715400
2022-03-24,294.8503723144531,294.9473365902291,289.2461804109756,290.04124604725905,24484500
2022-03-25,294.4430847167969,296.2077336356417,290.1866289063279,295.94595676544117,22566500
2022-03-28,301.2496337890625,301.346568476762,295.0733614546366,295.0733614546366,29578200
2022-03-29,305.81640625,306.21393912796776,299.64983837259945,304.36203066251414,30393400
2022-03-30,304.3135070800781,306.3399629265181,302.10285756421536,304.21657238754335,28163600
2022-03-31,298.93231201171875,305.55458445151703,298.5251034770213,304.3522806882295,33422100
2022-04-01,300.0086364746094,300.697032696906,296.2466465454115,299.96013953034355,27110500
2022-04-04,305.3897705078125,305.5254968355015,300.2897509219235,300.65819745176503,24289600
2022-04-05,301.4241638183594,305.29279303590346,300.444874882853,303.7414533090585,23156700
2022-04-06,290.3902587890625,297.66213505256155,287.68511253402556,295.907191281451,40110400
2022-04-07,292.2033996582031,294.41404904374673,287.33610072397653,287.63666926754246,31411200
2022-04-08,287.93719482421875,291.9609601748586,287.2681798847174,291.30165053832746,24361900
2022-04-11,276.58343505859375,283.7098510494845,276.3313338468451,282.9148149628091,34569300
2022-04-12,273.48077392578125,281.896753274819,271.958520427189,280.44237773614145,30966700
2022-04-13,278.87164306640625,279.80243508000837,272.7438673323913,274.1303944317771,21907200
2022-04-14,271.3185119628906,279.540589912515,270.82404454570303,279.3272803792432,28221600
2022-04-18,271.98760986328125,273.8686046152855,269.8739244910196,270.42659430347726,20778000
2022-04-19,276.6221923828125,277.4657549794319,269.94177668947515,270.8822739757197,22297700
2022-04-20,277.6499938964844,280.8884297236705,276.69011543373637,280.59753683935253,22906700
2022-04-21,272.2687683105469,284.37885800425323,271.5415806106492,279.8024222293234,29454600
2022-04-22,265.69500732421875,274.5861024440905,265.064783867457,273.1123163539271,29405800
2022-04-25,272.1814880371094,272.5596102250069,262.5341201377057,264.9774895553303,35678900
2022-04-26,262.00091552734375,269.8933116676329,261.787605924128,269.05948386646486,46518400
2022-04-27,274.60546875,282.1197416602457,270.66896169578,273.5195398508142,63477700
2022-04-28,280.8204345703125,282.1293780301423,272.89892546371993,276.5154820651553,33646600
2022-04-29,269.07879638671875,281.062863571246,268.0898318904965,279.8314736159821,37073900
2022-05-02,275.81744384765625,276.27314931657503,267.8183792644711,269.2630493387839,35151100
2022-05-03,273.20928955078125,275.4878171281924,271.6288634100802,275.3229748824453,25978600
2022-05-04,281.15985107421875,282.0324703593983,268.31286891823476,273.99461437075183,33599300
2022-05-05,268.91400146484375,277.64025334846656,265.99554553295394,276.8548930460878,43260400
2022-05-06,266.37371826171875,270.7562255668046,263.0189376361337,266.4512719319163,37780300
2022-05-09,256.532470703125,264.0758315399629,255.31081522674663,261.8458006190257,47726000
2022-05-10,261.302734375,265.42346395234233,257.0074868817055,263.4261244537658,39336400
2022-05-11,252.6250457763672,263.1062442259027,251.41306603345745,257.59901537556465,48975900
2022-05-12,247.5831756591797,251.97538813892353,242.41529334839248,249.85199770937754,51033800
2022-05-13,253.17767333984375,255.0392869332298,247.58318643346072,249.52235369812172,34925100
2022-05-16,253.54612731933594,257.7347358357674,248.00010759554567,252.0529601965687,32550900
2022-05-17,258.704345703125,260.1683970586015,254.47694512701054,258.015919929837,28828800
2022-05-18,246.92555236816406,256.17748993343446,245.65244205477626,255.59437895473815,31356000
2022-05-19,246.01202392578125,250.41448076629942,244.78750863973613,246.75061832907582,32692300
2022-05-20,245.44839477539062,251.26002017736235,239.50072692589913,249.99660787697098,39199300
2022-05-23,253.3105926513672,254.13666422198204,246.2938927434967,248.29589957204047,33175400
2022-05-24,252.3095703125,253.97141153191018,246.36190307818248,250.62830293352826,29043900
2022-05-25,255.1278839111328,257.12987553074527,249.88967233422647,250.87124198612855,28547900
2022-05-26,258.41278076171875,259.588701272369,254.06864585399154,254.88498957150392,25002100
2022-05-27,265.54608154296875,265.64327166838257,260.02602645530493,260.9201340875451,26910800
2022-05-31,264.2146301269531,267.03296546550257,261.35741281139883,264.85604928536924,37827700
2022-06-01,264.7491760253906,269.8707720178327,262.4361876229135,267.4508952453175,25292200
2022-06-02,266.84832763671875,266.9163636856067,254.23383914437693,257.00359440575477,44008200
2022-06-03,262.416748046875,265.75018841702905,260.85209677085874,262.69859051173177,28059000
2022-06-06,261.1824951171875,266.4595892028753,259.6955782848042,264.3992892425282,22400300
2022-06-07,264.826904296875,265.4391694080939,258.45162412939817,259.1319252881435,22860700
2022-06-08,262.7958068847656,265.3128741834113,262.0183154658259,264.0591896604282,17372300
2022-06-09,257.33404541015625,265.03101725984766,257.17854713483496,260.23984343092275,26439700
2022-06-10,245.86627197265625,253.24253313611206,245.41921820228913,253.24253313611206,31422800
2022-06-13,235.43836975097656,242.0080292688815,234.72892944752553,238.2081245846543,46135800
2022-06-14,237.60565185546875,238.8204543346958,234.70955206801648,236.9933866606161,28651500
2022-06-15,244.6708984375,248.11122688546928,239.4812665255515,241.31804702603347,33111700
2022-06-16,238.07205200195312,240.4530610967812,236.17696373582984,239.05360673745113,33169200
2022-06-17,240.67662048339844,243.44637559850622,237.15855784482125,237.8096900838926,43084800
2022-06-21,246.59518432617188,247.57673936751254,242.48428215744224,243.21316362761155,29928300
2022-06-22,246.00234985351562,249.92859951301043,243.32005666477755,244.79726053472527,25939900
2022-06-23,251.5709686279297,252.0666174651717,246.48825470193722,248.37363027538592,25861400
2022-06-24,260.1620788574219,260.43419339301283,254.35045383369882,254.43791604246806,33923200
2022-06-27,257.43121337890625,260.74516813613343,255.86653250823528,260.65770592471864,24615100
2022-06-28,249.2580108642578,259.39431434341117,249.1025126077075,256.546824812342,27295500
2022-06-29,252.9315948486328,254.5934362752121,248.55829125399416,250.33676379812957,20069800
2022-06-30,249.59814453125,252.2221295498261,245.7788129454486,249.8119509376396,31730900
2022-07-01,252.27066040039062,252.4553126996845,247.44062069914546,249.1705126019825,22837700
2022-07-05,255.4486846923828,255.5750289021865,247.56704519965683,248.9470591091099,22941000
2022-07-06,258.7140197753906,260.4438971435167,255.0113045680069,256.3232970437693,23824400
2022-07-07,260.84234619140625,261.4837653703721,257.5575159983353,257.65470611483187,20859900
2022-07-08,260.1232604980469,260.55087339545304,255.87631525897277,257.3340784115117,19658800
2022-07-11,257.0619201660156,259.0250302011665,254.79751184488788,258.1698045515523,19455200
2022-07-12,246.52711486816406,258.45161825659886,244.94300794231012,258.39331011954675,35868500
2022-07-13,245.60389709472656,246.4105276871535,241.12370514299172,243.1451381645319,29497400
2022-07-14,246.92555236816406,247.9557022452831,239.0147611564183,243.5143931814368,25102800
2022-07-15,249.4912872314453,253.03850471076404,247.59619823798553,248.5194452010421,29774100
2022-07-18,247.09078979492188,253.4952240127195,246.16754300536857,252.4359199576439,20975000
2022-07-19,252.22213745117188,252.40678979239573,246.53685617166215,250.32703380524785,25012600
2022-07-20,254.8849639892578,257.411758856481,251.61958944694678,252.58170343561682,22788300
2022-07-21,257.38262939453125,257.4312392890504,249.79254581579903,252.47483920219835,22404700
2022-07-22,253.0287628173828,257.85881862790734,251.7751080213908,257.77135640899604,21881300
2022-07-25,251.54185485839844,254.1366860794773,249.57874467158572,253.65076507358918,21056000
2022-07-26,244.8069610595703,252.56226985718692,242.5425825526762,252.5428140385053,39348000
2022-07-27,261.1727294921875,262.4458397490854,251.56123048216568,253.80618244101655,45994000
2022-07-28,268.6268310546875,270.01655789466145,260.32729267977885,262.15436025094607,33459300
2022-07-29,272.8348693847656,274.05939959701226,268.84061364788005,269.88049153738285,32152800
2022-08-01,270.1817932128906,273.3597057500872,268.07288310675597,269.99714086754074,21539600
2022-08-02,267.08160400390625,270.0651658211096,264.71030734261404,268.22837035337625,22754200
2022-08-03,274.5161437988281,275.5171396277238,268.82113564913254,268.9669356400914,23518900
2022-08-04,275.6629333496094,275.8087036946795,272.2809427109455,273.8650200050531,18098700
2022-08-05,274.94378662109375,275.6629401132576,270.83288483969574,271.2896517042955,16774600
2022-08-08,272.4267272949219,277.86904784198094,271.4548853993135,276.0516785842541,18739200
2022-08-09,274.3509216308594,275.1089570301665,269.7929813266096,271.7658486047469,23405200
2022-08-10,281.0178527832031,281.6495441886496,278.8603622301629,280.0557386373426,24687800
2022-08-11,278.9380798339844,283.01010018184206,278.44246058218863,282.66025129822157,20065900
2022-08-12,283.6903381347656,283.6903381347656,278.8602832920289,280.3569279405796,22619700
2022-08-15,285.2063903808594,285.8963896968433,281.940986783647,282.80594014927584,18085700
2022-08-16,284.4678039550781,285.7603701530743,282.2423075949929,283.7680766752534,18102900
2022-08-17,283.7179260253906,285.69495138930665,281.91619637542664,282.1791399463547,18253400
2022-08-18,282.5979309082031,284.2925155216381,281.53634866422476,282.61739830194875,17186200
2022-08-19,278.682861328125,281.7019722471869,278.1082610446249,281.36109961223826,20570000
2022-08-22,270.5020446777344,275.0891277344879,269.985876348386,274.7190391735939,25061100
2022-08-23,269.2262268066406,271.58305961695726,268.2133575622362,269.2262268066406,17527400
2022-08-24,268.59320068359375,269.9956259083875,267.9309228621196,268.2231121213267,18137000
2022-08-25,271.5733642578125,271.7389114328781,267.35633975487536,270.0930099138864,16583400
2022-08-26,261.0941162109375,273.02444918596143,260.98700095652805,271.79731971202773,27549300
2022-08-29,258.30877685546875,260.4221335952859,256.96478349661675,258.9125930668451,20338500
2022-08-30,256.1076965332031,260.08121426548763,253.8579792613374,259.711155479428,22767100
2022-08-31,254.6468963623047,260.13970413279804,254.51053542030976,258.464616362346,24791800
2022-09-01,253.60475158691406,254.08198505075546,248.74497714961947,252.11467873957707,23263400
2022-09-02,249.3780517578125,257.8315379852467,247.8295467479486,254.87088889880724,22855400
2022-09-06,246.641357421875,251.10182772851883,245.36554468319423,249.51438808388207,21328200
2022-09-07,251.35507202148438,252.0757520218553,246.6121606696536,248.05353553100252,24126700
2022-09-08,251.77381896972656,253.63398041445726,248.1411587926692,250.79019548540293,20319900
2022-09-09,257.558837890625,258.30876355813575,253.49767178964203,253.70218346204774,22084700
2022-09-12,259.69171142578125,260.47085310586147,258.24060277088006,258.8444189971821,18747700
2022-09-13,245.41427612304688,253.6048042043682,245.02470528633097,252.0855150926959,33353300
2022-09-14,245.63827514648438,247.5958184869154,243.33985917445312,246.9140880843231,23913000
2022-09-15,238.9767608642578,244.83965696947544,237.65224976242436,243.2522022753674,31530900
2022-09-16,238.3534393310547,238.89882358010237,235.74336703268992,237.88595437992277,39791800
2022-09-19,238.13916015625,238.74297626097857,234.5649320094446,236.14265272727343,26826900
2022-09-20,236.12318420410156,237.15552077631924,233.38651445985508,235.7531105348159,26660300
2022-09-21,232.7145538330078,241.1972713562859,232.66585561987233,237.89573460997207,28625600
2022-09-22,234.69155883789062,237.49640922958957,231.37055498618827,231.66271451815115,31061200
2022-09-23,231.71142578125,234.83766669484226,229.06240356442768,233.28914678516338,34176000
2022-09-26,231.25364685058594,235.14926529358794,230.71799634255217,230.86409095052775,27694200
2022-09-27,230.24082946777344,235.49017556599165,228.38066779678476,233.71766175746237,27018700
2022-09-28,234.77919006347656,236.0063045149293,228.60462357889685,230.63034693887,29029700
2022-09-29,231.3023681640625,233.68843172668625,228.29300618270508,232.65609511384054,27484200
2022-09-30,226.82240295410156,234.26303440769513,226.65684093525877,232.0717487914595,35694800
2022-10-03,234.4578399658203,235.30513236136022,228.53649717371928,229.2669257521109,28880400
2022-10-04,242.38540649414062,243.82678128918718,238.58716924773375,238.69429935915923,34888400
2022-10-05,242.69703674316406,244.0410299207372,237.7301319253864,239.5708111265556,20347100
2022-10-06,240.34996032714844,243.8073253575935,239.65849623742423,241.4602112106083,20239900
2022-10-07,228.12742614746094,235.02267271918691,227.08534105905326,234.61361969677648,37769600
2022-10-10,223.2676544189453,228.43908604327487,220.81341039260693,226.96849528328906,29743600
2022-10-11,219.52784729003906,223.0825932627072,218.26176829271705,221.68016821094162,30474000
2022-10-12,219.85897827148438,221.91391771043942,218.11569545862955,219.51810569426297,21903900
2022-10-13,228.12742614746094,229.93888935580085,213.41172657654943,214.11293909981683,42551800
2022-10-14,222.5956573486328,231.04915792889818,222.38139712434594,229.39350803929838,30198600
2022-10-17,231.3315887451172,232.72428023302328,229.00395704070687,229.66621998295358,28142300
2022-10-18,232.2762451171875,237.56453991695395,229.2279189898158,236.89255823159834,26329600
2022-10-19,230.30899047851562,233.3573170929322,228.17613670425018,230.85437475930172,19985700
2022-10-20,229.98756408691406,235.01291536195282,228.74096739458574,229.61749044615098,21811000
2022-10-21,235.8018035888672,236.65884448891248,228.3806544553497,228.61439693552748,26299700
2022-10-24,240.79794311523438,241.37254333610227,235.00321297699924,237.3990102771564,24911200
2022-10-25,244.1189422607422,244.48901592120419,239.4149810348262,240.80765754624483,34775500
2022-10-26,225.28363037109375,232.0814806550544,224.05650100348495,225.13753575748976,82543200
2022-10-27,220.83290100097656,227.59180231118427,219.888212209169,225.01094581972592,40424600
2022-10-28,229.71484375,230.42580471634435,220.1511095335488,220.33615376148492,40647700
2022-10-31,226.07249450683594,228.7896819818967,225.11805723606972,227.65994900462596,28357300
2022-11-01,222.21583557128906,229.5883013482599,221.3977591826353,228.47805057491365,30592300
2022-11-02,214.35641479492188,225.2641436679967,214.2979680342713,223.47216271711693,38407000
2022-11-03,208.65908813476562,214.6583448304135,208.3961296970331,214.34668818412212,36633900
2022-11-04,215.61276245117188,215.80754042041704,207.86047444612015,211.87297194348153,36789100
2022-11-07,221.92367553710938,222.44959243568516,215.5056466591579,216.1971255856238,33498000
2022-11-08,222.89756774902344,225.6050216725194,219.94663764635982,222.73200573046222,28192500
2022-11-09,218.65133666992188,222.66383409917907,218.4760409587585,221.43670467861034,27852900
2022-11-10,236.6393585205078,236.98023110784243,228.86760321897782,229.2863751045428,46268000
2022-11-11,240.66159057617188,241.5186314660159,235.61675651178047,236.64910797482275,34620200
2022-11-14,235.24668884277344,237.54510458377084,232.9677553572084,235.67520929864517,31123300
2022-11-15,235.65574645996094,240.55448643205662,233.76636876372848,239.24945756208854,31390100
2022-11-16,236.08543395996094,238.10710518850516,234.80602574594815,237.12067984603283,24093300
2022-11-17,236.03662109375,237.56996781309624,232.08120292470986,232.22769437449384,23123500
2022-11-18,235.58734130859375,238.0485016751928,233.44847699378025,237.82386161024547,27613500
2022-11-21,236.39797973632812,238.95679628172485,235.55806069358533,235.79244700156886,26394700
2022-11-22,239.30836486816406,239.58182546634563,235.0892478515877,237.9019875618103,19665700
2022-11-23,241.798828125,242.48247963370116,238.5661214247604,239.38650323520181,19508500
2022-11-25,241.71096801757812,242.89270545912507,240.9687049278587,241.53516337435977,9200800
2022-11-28,236.11473083496094,240.89054534482318,235.17715584666723,240.33386298973988,24778200
2022-11-29,234.7181396484375,237.12068869969116,232.64764779898533,235.76314670175077,17956300
2022-11-30,249.18231201171875,249.36787777071672,234.2591112887046,234.95253887719915,47594200
2022-12-01,248.7427978515625,250.13939911455438,245.0608260361984,247.9419383198584,26041500
2022-12-02,249.06512451171875,250.08083329127504,243.8595816230871,243.98655080896413,21528500
2022-12-05,244.357666015625,247.89314681984325,242.26763698881598,246.12539896649085,23435300
2022-12-06,239.3962860107422,245.97890805258777,238.08757944681767,244.96319927673994,22463700
2022-12-07,238.663818359375,240.41202919852526,236.55426689950292,239.11308365788204,20481500
2022-12-08,241.623046875,242.93176834963776,237.38439220863714,239.1228268856705,22611800
2022-12-09,239.68927001953125,242.5117859075188,238.45869726333626,238.9860813295668,20609700
2022-12-12,246.61370849609375,246.6430067827901,241.39840482934278,241.6718654401659,30665100
2022-12-13,250.9207305908203,257.7572751273937,247.16062513471115,255.57933663809652,42196900
2022-12-14,251.2137451171875,256.458347318601,248.37169195338248,251.1258502529427,35410900
2022-12-15,243.1954345703125,248.26424677465207,241.56443204275277,247.7954592877002,35560400
2022-12-16,238.97633361816406,244.0060718471809,237.82387962727623,242.74620073337888,86102000
2022-12-19,234.83531188964844,239.48417191084002,233.13595171264518,239.14233870840474,29696400
2022-12-20,236.1537628173828,237.2378439487135,232.8526839863522,233.8097959618792,25150800
2022-12-21,238.72239685058594,239.8846119779552,234.50327934808365,236.04638713125163,23690600
2022-12-22,232.62808227539062,236.33935232665362,228.40895045227447,235.626387659586,28651700
2022-12-23,233.15548706054688,233.29221736870184,228.47734339350782,230.59667062115278,21207000
2022-12-27,231.42681884765625,233.35080420983945,230.32320039769817,233.1261790492013,16688600
2022-12-28,229.05355834960938,234.122370583587,228.70196400671827,231.35845128578754,17457100
2022-12-29,235.38223266601562,236.27098706875256,230.14739203902258,230.14739203902258,19770700
2022-12-30,234.22003173828125,234.35676203802836,231.13381651257768,232.64762583994687,21938500
2023-01-03,233.9856719970703,240.01159718593232,231.85656849247528,237.4039449987011,25740000
2023-01-04,223.75038146972656,227.43233894450995,220.6837029776662,226.85611938033796,50623400
2023-01-05,217.11891174316406,222.2365596343891,216.58175162726957,221.89472640541456,39585600
2023-01-06,219.677734375,220.48835513572715,214.2280440359925,217.79280825495562,43613600
2023-01-09,221.81655883789062,225.84036362664992,221.1231462597137,221.16220567014574,27369800
2023-01-10,223.50619506835938,225.90874396659487,222.02168398090183,222.4416360207006,27033900
2023-01-11,230.2646026611328,230.44039237661667,225.71341348434925,225.8892031998331,28669300
2023-01-12,232.94064331054688,234.2981853820876,228.1062317552033,229.76653275671188,27269500
2023-01-13,233.64381408691406,233.78054439645499,229.4344578762405,231.46589026262427,21333300
2023-01-17,234.73768615722656,235.28460742962037,231.55379961759738,232.41325584706593,29831300
2023-01-18,230.30368041992188,236.72027379093637,230.0204586660314,235.9291902032741,30028700
2023-01-19,226.51426696777344,230.02044931118633,225.2934553321454,228.32107414949724,28623000
2023-01-20,234.6107177734375,235.11857962918376,229.03404319669926,229.37587644436226,35389800
2023-01-23,236.91558837890625,239.44510648286737,234.0539981879018,235.47015159128358,31934000
2023-01-24,236.38818359375,238.25358728267545,234.82555369768806,236.83744881664003,40234400
2023-01-25,234.9915771484375,237.61876602103504,225.50830635326923,229.00471246415324,66526600
2023-01-26,242.20901489257812,242.51177377679628,236.3491193709835,237.96058467842803,33454500
2023-01-27,242.36529541015625,243.99629796325885,241.06635004457462,243.17591612262385,26498900
2023-01-30,237.04258728027344,239.86510350791414,236.544486538492,238.80054431424622,25867400
2023-01-31,242.0234832763672,242.16021359505123,237.2769666384965,237.76529133415198,26541100
2023-02-01,246.84811401367188,249.22136469253888,239.7381082028261,242.20902977404796,31259900
2023-02-02,258.42144775390625,258.5093426268986,251.2430684097747,252.7764151835844,39940400
2023-02-03,252.31735229492188,258.0307566536459,251.09654067147537,253.4795673448407,29077300
2023-02-06,250.77423095703125,252.26850319934903,248.83070838044688,251.42859910463446,22518000
2023-02-07,261.3123779296875,262.49411566061207,254.00702781900983,254.4465320834355,50841400
2023-02-08,260.501708984375,270.29750141679074,259.99383221379736,266.82063188656974,54686000
2023-02-09,257.46429443359375,267.58239710210876,256.6634348210044,267.4065775689988,42375100
2023-02-10,256.9564208984375,257.9232941080463,254.57339436942814,255.4230744390807,25818500
2023-02-13,264.9845275878906,268.1879364908774,260.9118863953709,261.39046487819326,44630900
2023-02-14,265.81463623046875,268.54924217498206,262.9921056261591,266.3029608494868,37047900
2023-02-15,263.6899719238281,265.0704999795345,260.61559812325817,262.710876554926,28922400
2023-02-16,256.6699523925781,261.16399843094536,256.42517844792,258.50085671787974,29603600
2023-02-17,252.6654052734375,254.65296812365867,250.64847075073527,253.96761913922532,30000100
2023-02-21,247.38807678222656,250.14913347081608,246.33065176998883,249.16023738002588,28397400
2023-02-22,246.2523193359375,249.0231615682259,245.10677932156742,248.77838767780975,22491100
2023-02-23,249.4441680908203,251.470888034521,245.24383997273418,250.2176469727612,29219100
2023-02-24,244.0102081298828,245.75299711343044,242.91362583186992,244.73474425667752,24990900
2023-02-27,244.93052673339844,247.53492427311554,244.1766190372043,247.18244930578683,21190000
2023-02-28,244.2060089111328,246.23274385931393,243.53043059507243,243.86333443445264,22491000
2023-03-01,241.1218719482422,245.68444598313184,240.6518953145832,245.51800152780746,27565300
2023-03-02,245.8606719970703,246.1446031190087,240.47564673843016,241.3959989002767,24808200
2023-03-03,249.9532928466797,250.27639616638209,246.1348262316736,246.91810564854498,30760100
2023-03-06,251.50027465820312,254.68233526542298,250.62888019720313,251.06947021639408,24109800
2023-03-07,248.83714294433594,252.30314976499983,248.09303566014898,250.94219252685468,21473200
2023-03-08,248.3965301513672,249.21896680166975,245.56694469940246,248.7294190422308,17340200
2023-03-09,247.04539489746094,254.1340370763852,246.32085881638,250.47222930235247,26653400
2023-03-10,243.3933563232422,247.50555459686285,242.4240613016346,245.8313095923703,28333900
2023-03-13,248.61195373535156,252.51855056988012,240.59315835594796,242.22824622027488,33339700
2023-03-14,255.33831787109375,255.61246340953107,250.51136939968598,251.38276377682135,33620300
2023-03-15,259.8911437988281,260.9094116100634,253.79136732872547,254.54529007919024,46028000
2023-03-16,270.42626953125,270.77872967392364,257.77633875957093,259.66598646582423,54768800
2023-03-17,273.5886535644531,277.4071201106938,270.54368084412533,272.44312854039293,69527400
2023-03-20,266.5391845703125,271.6794360581046,264.20893244844024,271.18988829736253,43466600
2023-03-21,268.0567626953125,269.2512603911417,263.8858063365012,269.1337737128017,34558700
2023-03-22,266.597900390625,275.16498531924117,266.49018435697667,267.6846819650657,34873300
2023-03-23,271.855712890625,275.18463226094,269.4471458593469,272.12985848865964,36610900
2023-03-24,274.7048645019531,274.76360784861777,269.52544032042374,271.44445936393123,28172000
2023-03-27,270.6024475097656,275.57624002545316,269.7604097538673,274.63631661296625,26840200
2023-03-28,269.4764709472656,270.3674514567512,266.3629244825979,270.02476204854537,21878600
2023-03-29,274.6460876464844,275.26292259083164,272.58998112520123,273.12847169713626,25087000
2023-03-30,278.11212158203125,278.513554404513,275.5958683420122,278.2883815165173,25053400
2023-03-31,282.2732238769531,283.22294771783334,277.0840296203647,277.79878010007826,32766000
2023-04-03,281.2256774902344,282.2439155368451,278.014244688671,280.5304980080921,24883300
2023-04-04,281.1766662597656,284.3783279836004,279.6982522270493,281.2256389673713,25824300
2023-04-05,278.3959655761719,281.14722109304176,277.0056669250287,279.8744091020382,22064800
2023-04-06,285.5042724609375,285.9742192087345,276.1343207416053,277.2896463361067,29770300
2023-04-10,283.3404846191406,283.54608632492165,278.758294590068,283.16422470598815,23103000
2023-04-11,276.9175720214844,280.00174680479614,275.75247584510697,279.77654407914395,27276600
2023-04-12,277.5638122558594,281.01024801713993,276.0657971281388,278.83665451028776,27403400
2023-04-13,283.7810974121094,283.83984076442414,277.25054574953776,277.661749215741,24222700
2023-04-14,280.1584167480469,282.4494967636299,277.7596206838942,281.0004245840228,20987900
2023-04-17,282.76275634765625,285.50424155811174,280.1779598756737,283.8691389960497,23836200
2023-04-18,282.3417663574219,285.6609144658387,281.0102108111372,285.47488392928074,20161800
2023-04-19,282.42010498046875,283.00753836856154,278.591838043408,280.01150857079625,17150300
2023-04-20,280.1289978027344,282.98796979588815,279.1205306378155,279.28699001904164,23244400
2023-04-21,279.786376953125,280.285695406569,277.1428067987354,279.0520552301976,21676400
2023-04-24,275.8797302246094,278.9932766450886,272.8935008803915,276.19304795792937,26611000
2023-04-25,269.66253662109375,275.7133405569095,269.6135639108985,273.6670342373716,45772200
2023-04-26,289.1954650878906,293.307678595242,286.61066821898174,290.4976789797235,64599200
2023-04-27,298.45770263671875,298.8199931125039,289.0779798089215,289.78292984563893,46462600
2023-04-28,300.8368835449219,302.47195624653347,296.96944448822813,297.6548232687838,36469600
2023-05-01,299.1723937988281,302.1488522384796,298.77096109153786,300.55292192498604,21294100
2023-05-02,299.0255432128906,302.71672228103625,297.5569000465208,301.3264234827943,26404400
2023-05-03,298.03668212890625,302.1586660652437,297.733164896042,300.21027546467184,22360800
2023-05-04,299.0255432128906,301.3264234827943,297.05755180847615,299.8381792845817,22519900
2023-05-05,304.1559753417969,305.44838842096743,297.90934200542574,299.32904226537187,28197100
2023-05-08,302.1978454589844,303.7154615391141,299.6913631590147,303.6469176772524,21318600
2023-05-09,300.582275390625,303.55873365003725,299.90669720214623,301.5613707502036,21340800
2023-05-10,305.7813720703125,306.45695048571525,301.2383836132989,302.1685065895515,30078000
2023-05-11,303.6273193359375,304.6162154441753,299.8578252148701,303.61754869817486,31680200
2023-05-12,302.51116943359375,304.1560428743244,300.1907176369154,304.0581273381705,19774700
2023-05-15,302.99090576171875,303.42171020151784,301.16000183238515,302.6384456998606,16336500
2023-05-16,305.2232360839844,307.15205550564514,303.35316000473966,303.35316000473966,26730300
2023-05-17,308.1081237792969,308.5300480995956,304.9092846315615,306.4302184961671,24315000
2023-05-18,312.5432434082031,313.0535052333268,307.83332313670064,308.6281218082049,27276000
2023-05-19,312.36663818359375,312.7689485029045,310.43360222955846,310.79665472761,27546700
2023-05-22,315.1533203125,316.5368664420845,312.04281946483945,312.6217450177961,24115700
2023-05-23,309.34442138671875,316.6644323894991,309.33459944590936,314.02490557674435,30797200
2023-05-24,307.9609375,310.56120702002494,306.74418444642515,308.8244300073926,23384900
2023-05-25,319.8044128417969,320.76600484441417,313.99548322633484,317.1746779116198,43301700
2023-05-26,326.6436462402344,327.14405620676587,317.8027008438637,317.9400583040085,36630600
2023-05-30,324.9951477050781,329.44014532098214,324.31809251004455,328.939735353525,29503100
2023-05-31,322.22808837890625,329.636407832276,321.18795072131485,326.0549025994876,45950600
2023-06-01,326.33941650390625,327.27160256990936,318.626916843916,319.81420387671255,26773900
2023-06-02,329.10650634765625,331.16710767327845,326.30997811609336,327.9780910808691,25873800
2023-06-05,329.63641357421875,332.20724701987933,328.3804327326386,328.92992247927083,21307100
2023-06-06,327.41876220703125,329.0770531433708,325.93711647697336,329.0377953258703,20396200
2023-06-07,317.31207275390625,328.2135893193703,316.4485803635837,325.42688293374783,40717100
2023-06-08,319.15679931640625,320.51090965341575,317.28263514872793,317.8615607379673,23277700
2023-06-09,320.6580810546875,323.79801789828633,318.32273487313944,318.8918385067795,22529000
2023-06-12,325.6231689453125,325.86847794256755,319.0586977831723,322.41450809645136,24260300
2023-06-13,328.017333984375,330.6568607625825,324.1905202364905,328.19394924698327,22951300
2023-06-14,331.01007080078125,332.67818358645866,326.56507396393835,328.06636349307234,26003800
2023-06-15,341.5682373046875,343.2755782609129,330.87277152883553,331.1475163947217,38899100
2023-06-16,335.906494140625,344.87500521875836,335.53364962832507,344.7278258132524,46552000
2023-06-20,331.7067565917969,335.66113574405455,329.55784775287134,332.943123305957,26375400
2023-06-21,327.30108642578125,331.39285382983815,325.83905432947427,330.05835726315127,25117800
2023-06-22,333.33563232421875,333.7379426283081,327.0851645614221,327.85052734982696,23556800
2023-06-23,328.73370361328125,331.6185401092795,327.1931857123841,328.0860842014297,23146900
2023-06-26,322.4341125488281,329.8031735626045,322.326161031866,327.4580354070177,21520600
2023-06-27,328.2921447753906,329.8424845224402,323.1210117477798,325.6329735815735,24354100
2023-06-28,329.5481262207031,331.6381637529801,327.54639633761354,328.38045295097976,20259500
2023-06-29,328.7630920410156,329.80319974916614,326.37869587676175,328.4294754124527,16997000
2023-06-30,334.1500549316406,336.2989637756356,330.87273088226857,331.41239860594516,26832800
2023-07-03,331.6479187011719,334.5033188190337,330.25458046527325,332.8254137820231,12508700
2023-07-05,331.804931640625,335.23925747739463,328.4491214492935,328.80235201893055,18172400
2023-07-06,334.86639404296875,336.55412113608645,329.2046731859424,330.97088598213605,28161200
2023-07-07,330.8923645019531,335.3766196583141,330.6764914106529,332.952965838011,21214800
2023-07-10,325.6034851074219,328.9397110166737,321.4430546068671,328.32152762825416,32791400
2023-07-11,326.23150634765625,326.61417278371005,320.86414468674985,324.8479601120357,26698200
2023-07-12,330.87274169921875,335.23922327928665,329.37145204151966,330.2839941982709,29995300
2023-07-13,336.23028564453125,337.2900072046909,332.6585727165139,333.18844846906484,20567200
2023-07-14,338.7618408203125,344.8356928683022,337.8492987055268,341.06775095843255,28352700
2023-07-17,339.2426452636719,340.4789819411426,335.7788842778963,339.193565509406,20363900
2023-07-18,352.7444763183594,359.89769425596677,335.74949366384544,339.34079062698265,64738600
2023-07-19,348.4172058105469,355.6587310369043,345.82675878722245,354.9620619812482,39732900
2023-07-20,340.3612976074219,351.25302227091294,338.88944373248916,346.9355902267656,33778400
2023-07-21,337.31939697265625,343.7268651079186,333.45332579111084,342.59845000456033,69405400
2023-07-24,338.63433837890625,340.4104030714341,335.8868895829084,339.36047337459183,26678100
2023-07-25,344.3941955566406,345.2871238413171,338.595087649529,340.59678737512286,41637700
2023-07-26,331.43206787109375,338.20262012350594,326.8595045876303,335.03321711179626,58383700
2023-07-27,324.5143737792969,334.92527345110744,322.8756964700809,334.09124680022427,39635300
2023-07-28,332.0207824707031,333.630023699817,326.91837382253794,327.4089917663005,28484900
2023-07-31,329.61676025390625,331.3633588709427,327.10476892592203,330.59799610493667,25446000
2023-08-01,330.0289001464844,332.1876312426991,327.4384527759718,328.9004847782133,18311900
2023-08-02,321.3547668457031,327.3697478835023,320.2361435127281,327.3697478835023,27761300
2023-08-03,320.53057861328125,323.6901599603599,319.8339093873111,319.882959212892,18253700
2023-08-04,321.6294860839844,328.85139751963476,321.0996103397931,325.6525590625856,23741500
2023-08-07,323.915771484375,324.89700739318704,321.374374073945,322.20843058542397,17741500
2023-08-08,319.9320068359375,322.58135618793176,316.9392488173444,320.82493524798076,22327600
2023-08-09,316.18365478515625,320.9720608226161,315.0257736651899,320.3440854180899,22373300
2023-08-10,316.8705139160156,322.1005182288563,315.15335102644235,319.9025293676403,20113700
2023-08-11,314.9865417480469,316.3602660012063,313.22029918403376,314.25061483261044,24355500
2023-08-14,317.9596862792969,317.97930021692355,314.07397059332675,315.3594171589749,18836100
2023-08-15,315.820556640625,318.9899592196478,314.87857860821487,316.9391798843772,16966300
2023-08-16,315.0536193847656,319.0065586089997,314.46362532057526,315.44693875811095,20698900
2023-08-17,311.5923767089844,316.49910131427634,310.9335434813975,315.1913076048041,21257200
2023-08-18,311.1990051269531,313.06729440212877,306.3512477338566,309.2421912471136,24755000
2023-08-21,316.50897216796875,317.3841056283608,311.74973815851166,312.62487161890374,24040000
2023-08-22,317.0792236328125,320.638813261693,316.09591025429995,320.06850470582657,16084600
2023-08-23,321.5434875488281,323.7067890708429,318.0625496482568,318.41655808292467,21166400
2023-08-24,314.6308288574219,327.42374738223793,314.6209861195301,327.2959118230331,23281400
2023-08-25,317.59051513671875,319.9307753972801,313.4802430638175,316.10570256933477,21684100
2023-08-28,318.29852294921875,320.70762249694076,316.351551838299,320.22580858906434,14808500
2023-08-29,322.9299621582031,323.4904580066464,316.5089267598385,316.5089267598385,19284600
2023-08-30,323.3035888671875,324.30655763191555,321.0026393422181,323.1855960723184,15222100
2023-08-31,322.29083251953125,325.38826394826276,321.3271745159577,323.7068063169535,26411000
2023-09-01,323.17578125,326.45020162379865,321.32714728180537,325.78155572289427,14942000
2023-09-05,327.9841613769531,329.2624867583471,323.17577461933763,323.5100975629304,18553900
2023-09-06,327.3253479003906,328.87896976670504,324.67038989138393,327.8170045681073,17535800
2023-09-07,324.4048767089844,327.5219628952889,323.5395562508497,325.7618537903011,18381000
2023-09-08,328.692138671875,330.55061528459504,323.96240391702685,324.5818961212668,19530100
2023-09-11,332.3009338378906,332.7729350743732,329.83280759348713,331.6126024523964,16583300
2023-09-12,326.23382568359375,331.1700773968811,325.948686447505,330.2162623454097,17565500
2023-09-13,330.4522705078125,331.2290964296317,325.64388399787714,325.78153225775213,16544400
2023-09-14,333.0482482910156,335.1721787492822,330.9537860249842,333.4907212996785,20267000
2023-09-15,324.7097473144531,331.7699302193474,324.1492514827947,331.29795899971333,37679800
2023-09-18,323.5690612792969,324.88669745624287,320.91410345472514,322.3300769600515,16834200
2023-09-19,323.16595458984375,323.8936269378206,319.0950525710311,320.7273564750353,16505900
2023-09-20,315.41748046875,324.0903132872916,315.1618393483159,324.01166140600765,21436500
2023-09-21,314.1980895996094,319.9209800628248,309.74368166363735,313.93260581832857,35560400
2023-09-22,311.7201843261719,316.0860981358559,310.8745192146817,315.9582625950678,21447900
2023-09-25,312.2413635253906,312.36919907613066,309.7437389423757,311.3072037379406,17836000
2023-09-26,306.93145751953125,310.60904001416407,304.8468079151213,309.87155496791354,26297600
2023-09-27,307.5705871582031,309.055369891766,304.52230981108517,307.08874321728234,19410100
2023-09-28,308.40643310546875,310.2157261834966,304.2863475063599,305.8006285556267,19683600
2023-09-29,310.481201171875,314.1391281627372,309.7240606687745,312.4478279409763,24147300
2023-10-02,316.4302673339844,316.518791954941,309.9207368674109,311.0023877021163,20570000
2023-10-03,308.1606140136719,316.02712155021527,306.0169679036218,315.47643841498,21033500
2023-10-04,313.6376647949219,314.69966017701324,308.76043824911994,308.7899364537143,20720100
2023-10-05,314.03094482421875,314.6406243233155,309.64537557701226,313.76546101615116,16965600
2023-10-06,321.79913330078125,323.6969208452724,311.0219974867104,311.2678258217484,25673600
2023-10-09,324.31646728515625,324.78843856201655,317.78725121068675,319.33106061489286,19891200
2023-10-10,322.91033935546875,325.5751105768061,322.2023524248597,325.43743228080154,20557100
2023-10-11,326.873046875,327.2663662252011,323.64778019000204,325.6832160795872,20063200
2023-10-12,325.6340637207031,328.062848978579,323.23477666400214,325.0539124253683,19313100
2023-10-13,322.2613525390625,328.25954103838023,320.91418780201565,326.83375443130774,21072400
2023-10-16,327.08941650390625,330.53101374822336,325.0834485648815,325.52592163414295,22158000
2023-10-17,326.51904296875,327.8956757176601,321.9466416917106,324.09025768703805,18338500
2023-10-18,324.60162353515625,329.9901926245105,322.82182839963957,326.9419145995413,23153600
2023-10-19,325.7913818359375,331.25860158595435,325.3882197669904,326.60751870152404,25052100
2023-10-20,321.2190246582031,326.38142037907215,320.01938102368644,326.1847456816056,25027700
2023-10-23,323.82476806640625,327.1778702783257,318.9770403265237,320.0390055685396,24374700
2023-10-24,325.01458740234375,326.3027255972939,322.13348624926266,325.77172794180206,31153600
2023-10-25,334.9854431152344,340.42316589238874,331.9863187573611,339.26283308723094,55053800
2023-10-26,322.4186096191406,335.929324644414,321.48444998869064,334.8575167574631,37828500
2023-10-27,324.3065490722656,331.1012474086533,322.92007375246664,324.9161985018922,29856500
2023-10-30,331.6814880371094,333.78579341836826,326.29291903067406,327.8465712297684,22828100
2023-10-31,332.4681091308594,333.3432725394677,329.105193805489,333.1957815178894,20265300
2023-11-01,340.2952575683594,341.6227365899214,333.98237267008375,334.12005094281756,28158800
2023-11-02,342.5077209472656,343.00919036132757,339.0169404715558,341.44572570080203,24348100
2023-11-03,346.9129638671875,348.4764586181646,341.5342382393827,343.7958771188286,23637700
2023-11-06,350.5807189941406,351.57387511294206,347.4537896404017,347.5521269803011,23828300
2023-11-07,354.5140075683594,356.41179538181575,351.66240447944193,353.40285853517474,25833900
2023-11-08,357.139404296875,357.7982074064022,354.5336000325542,355.64474886828214,26767800
2023-11-09,354.67132568359375,358.7029167734547,354.3468154449931,356.2544459117808,24847300
2023-11-10,363.50146484375,363.92428238869843,355.0449639030692,355.45793871169803,28042100
2023-11-13,360.5613098144531,362.32144900510366,359.79432664892863,362.07562068271324,19986500
2023-11-14,364.0914306640625,365.7434199318085,361.22017242867213,364.81910296344984,27683900
2023-11-15,364.2392272949219,367.64838835280426,361.7168083416723,365.82556050862166,26860100
2023-11-16,370.643798828125,370.821147278909,364.74177589351456,365.51031591616425,27182300
2023-11-17,364.4166259765625,368.87021288647435,361.6084886476014,368.12136824695096,40157000
2023-11-20,371.8951110839844,373.304096039392,365.54971735826314,365.766486587499,52465100
2023-11-21,367.5893249511719,370.69304303967186,365.66795990773056,370.15113498600977,28423100
2023-11-22,372.2991027832031,374.2106051165785,369.4614073576045,372.4468931555256,23345300
2023-11-24,371.8852233886719,372.4172987463729,369.62888709643283,371.78668646032,10176600
2023-11-27,373.0478820800781,375.04808851693826,370.6733134944069,371.2447795697606,22179200
2023-11-28,377.0778503417969,377.3734310799554,372.60453806574077,372.79174922299154,20453100
2023-11-29,373.2843933105469,378.654310364066,371.89510374186113,378.122265050378,28963400
2023-11-30,373.3435363769531,374.50619409044,369.95407010737097,372.9296932561048,30554400
2023-12-01,369.0081481933594,372.6045206628206,365.85514681042775,371.22509383375666,33040500
2023-12-04,363.7170104980469,364.0914026926199,357.56866135332547,363.67758971521135,32063300
2023-12-05,367.0473937988281,367.5991645775178,360.2487659355607,361.06658945811125,23065000
2023-12-06,363.382080078125,368.68304924801646,362.62340269556915,368.0524668933901,21182100
2023-12-07,365.5004577636719,365.99311236097066,360.93847138160504,362.82041555159645,23118900
2023-12-08,368.7322692871094,368.95887115666653,362.8204141424842,363.776165260302,20154400
2023-12-11,365.8453063964844,366.140917208106,360.72171642347627,363.0667572104508,27708800
2023-12-12,368.88006591796875,368.91948670565927,365.0176405940666,365.4019256182351,24838300
2023-12-13,368.8702087402344,372.0921891414662,365.32308952611504,370.4959629431741,30955500
2023-12-14,360.5541687011719,368.269156155742,358.78062426547126,367.8257550121924,43277500
2023-12-15,365.28369140625,366.9291409353676,360.89905342816303,361.4606868901136,78502300
2023-12-18,367.1754150390625,367.52027922376516,363.2637368697555,364.02244408995057,21802900
2023-12-19,367.7765197753906,367.7765197753906,364.4067490977682,366.03250325578983,20603700
2023-12-20,365.1752624511719,370.50578841631284,365.08658823838834,369.490921222126,26316700
2023-12-21,368.0524597167969,368.9096740325264,364.6038770227322,367.086845737527,17708000
2023-12-22,369.0771179199219,369.66830947141494,367.23459447201543,368.190345627308,17107500
2023-12-26,369.1559753417969,371.4024792784928,368.01301297831964,369.49097688586306,12673100
2023-12-27,368.5746154785156,369.55006195328735,367.3331162784424,368.20019317568403,14905400
2023-12-28,369.76678466796875,370.9294421479161,368.66324332637487,369.855458875499,14327000
2023-12-29,370.5156555175781,371.61919693761735,367.9932665377033,370.47623473279145,18730800
2024-01-02,365.4216003417969,370.37770417291745,361.3818268052928,368.3676650837192,25258600
2024-01-03,365.1556091308594,367.7765353087628,363.09631643448915,363.58897105283376,23083500
2024-01-04,362.53466796875,367.61886702823733,361.7759907127874,365.22457289866344,20901500
2024-01-05,362.347412109375,366.5940918144849,361.11577576637916,363.5494903829088,21004600
2024-01-08,369.18548583984375,369.6880031258094,363.5889371144665,363.8746551165755,23134000
2024-01-09,370.26934814453125,370.4663919405634,365.73691986628984,366.54488061699703,20830000
2024-01-10,377.14678955078125,378.52624647847034,370.7915632878579,370.84081671988235,25514200
2024-01-11,378.9794616699219,384.9405699760392,374.79189779905875,380.3293303889791,27850800
2024-01-12,382.7630310058594,382.9699374994843,378.99914299059964,379.82679903434695,21661200
2024-01-16,384.53662109375,388.24139340844187,381.925557656747,387.8768338056293,27202300
2024-01-17,383.74835205078125,384.3789342645235,379.15680784896807,382.280251053988,22234100
2024-01-18,388.0837097167969,388.2019420036005,384.3888004079398,385.9653010602353,23392100
2024-01-19,392.813232421875,392.813232421875,387.71917062186213,389.94597903844516,29331100
2024-01-22,390.6850280761719,394.734635155239,387.8079114841556,394.14344351915287,27016900
2024-01-23,393.03985595703125,393.5128152245442,388.14286775502507,389.93613781643626,20525900
2024-01-24,396.6460876464844,399.6709942481896,394.5670995707582,395.64108304053997,24867000
2024-01-25,398.922119140625,401.03069519921775,396.6164992894369,398.3802111244257,21021200
2024-01-26,397.99591064453125,400.20302354825617,396.517946945891,398.4294490683389,17803300
2024-01-29,403.7008361816406,403.95702616378816,398.3900058240243,400.0946013519538,24510200
2024-01-30,402.5874938964844,406.98196463436994,400.47894778438507,406.2035919940408,33477600
2024-01-31,391.7392272949219,409.21863334219495,391.3746676938224,400.98143260936786,47871100
2024-02-01,397.84814453125,402.00615052622754,395.89722150523676,395.9267795782407,30657700
2024-02-02,405.1788635253906,406.58784851032016,397.63139120108593,397.8777185090492,28256700
2024-02-05,399.6906433105469,405.1197062490565,398.05502654340927,403.8782071207988,25352300
2024-02-06,399.532958984375,401.9765362650589,396.990874853614,399.91724394896175,18382600
2024-02-07,407.96728515625,408.21361247009133,401.41498462192203,401.45440541152726,22340500
2024-02-08,408.0263671875,409.45507751601383,406.46959192466915,407.9672510426615,21225300
2024-02-09,414.37176513671875,414.6378178606117,408.9919854136341,409.1496384913206,22032800
2024-02-12,409.15948486328125,414.5589597294503,408.6569675775543,414.381611300105,21202900
2024-02-13,400.3508605957031,404.04577027322716,397.46391171761815,398.991129023294,27824900
2024-02-14,404.2203369140625,404.5658388517389,399.36366838251547,402.8186275095737,20401200
2024-02-15,401.3280944824219,403.86502912534854,399.08731730113595,402.8877787891035,21825500
2024-02-16,398.8602600097656,403.0358361421353,398.24824344009687,402.71006595192074,22296500
2024-02-20,397.6065979003906,399.284702922107,392.8881118101571,398.05078888046796,24307900
2024-02-21,397.00445556640625,397.11305567339133,392.10829279576154,395.020342155489,18518900
2024-02-22,406.3525695800781,407.51737721520215,403.3122186108832,404.9113664023,27009900
2024-02-23,405.0594482421875,410.50840209542025,403.7070832004783,410.32087486596646,16295900
2024-02-26,402.29547119140625,406.8560126685655,402.1177646745505,406.1650087554213,16193500
2024-02-27,402.2362365722656,403.06542317425317,398.6529454575257,402.7396530048111,14835800
2024-02-28,402.4731750488281,404.0328292486966,400.10406595257604,402.9272470121027,13183100
2024-02-29,408.3170166015625,408.8698077347499,400.69636155135646,403.38135996606263,31947300
2024-03-01,410.1530456542969,410.51827940686405,405.5925039738578,405.9774695070198,17823400
2024-03-04,409.5805358886719,411.9792577390108,407.01398846090547,408.11957070674777,17596000
2024-03-05,397.4683837890625,408.9191120836045,395.4842705013913,408.632835591906,26919200
2024-03-06,396.9155578613281,399.9460577017337,393.2631907054144,397.7842380875546,22344100
2024-03-07,403.87493896484375,404.5066873701211,397.06370848307336,400.8937829786607,18718500
2024-03-08,400.992431640625,405.1383946723733,399.12673923888235,402.7100302645635,18002200
2024-03-11,399.31427001953125,400.45934573429287,396.09624305160145,398.56407085285036,16120800
2024-03-12,409.93585205078125,410.22212853968995,401.55511762855593,402.3744232866482,22457000
2024-03-13,409.7581787109375,412.7985296378199,406.1551557542081,412.7195723945268,17115900
2024-03-14,419.7479248046875,422.31447191746963,412.6109554732492,414.83200064539375,34157300
2024-03-15,411.06121826171875,417.16168230340674,407.4779269181007,413.8942801973478,45079900
2024-03-18,411.94964599609375,415.31576738207366,408.45519271968817,408.9191456409196,20106000
2024-03-19,415.9869689941406,416.24363275003464,410.20236440839864,412.45302237396163,19837900
2024-03-20,419.75787353515625,420.4784601385664,415.2466760493423,416.56942843935633,17860100
2024-03-21,423.8445739746094,425.27592645181124,421.66302217216105,424.29864595105556,21296200
2024-03-22,423.22265625,424.3282384659813,420.58703259669744,424.17032397071773,17648500
2024-03-25,417.4183349609375,421.90980053588714,416.18442081257615,419.76771231939466,18060500
2024-03-26,416.223876953125,420.5080228747841,415.9277496341745,420.1329081875438,16725600
2024-03-27,416.0067138671875,418.9878695106981,413.61787312123863,418.9779885582823,16705000
2024-03-28,415.30584716796875,416.4410420434957,413.7264311944793,415.54274902029323,21871200
2024-04-01,419.1063232421875,422.38360623153415,416.78655877307597,418.49430668541237,16316000
2024-04-02,416.0166320800781,416.944537944627,412.4629532504076,414.7037305350885,17912000
2024-04-03,415.03936767578125,417.8132042224073,413.6968534411064,414.32863193386083,16502300
2024-04-04,412.5024108886719,423.1535654935394,412.1964026116657,419.52089960464946,19370900
2024-04-05,420.0440979003906,421.0213783675685,412.9367706496642,414.60502494858775,16554800
2024-04-08,419.12603759765625,421.78142296735155,417.85262989949194,419.6985905704109,14272400
2024-04-09,420.7942810058594,422.235484103292,416.19424606146305,420.95222561069284,12496900
2024-04-10,417.8132019042969,418.5732821571219,414.29901690120346,416.75696418781513,16216600
2024-04-11,422.423095703125,423.8445672043753,416.9247670576537,420.34026309183247,17966400
2024-04-12,416.4706726074219,419.70846193552615,414.36807820345115,418.59299879164644,19253800
2024-04-15,408.3170166015625,421.3274002627743,408.1096973329742,421.110230165818,20273500
2024-04-16,409.2448425292969,413.01569096987436,408.4058051032582,409.23499170212773,16765600
2024-04-17,406.5401306152344,413.4895430541291,405.04955278693666,411.88051429574114,15855500
2024-04-18,399.0675354003906,406.5895007512514,398.7516762985985,405.34570574936373,21029900
2024-04-19,393.98382568359375,400.2619961941858,392.6511924508159,398.8306438099327,30565800
2024-04-22,395.8001403808594,397.6658329165628,390.65719496673063,394.93146005470254,20286900
2024-04-23,402.3250732421875,402.9469707225358,397.87310185893836,399.0379094531618,15734500
2024-04-24,403.7958679199219,407.16198877400103,401.54521009115024,404.28943349750205,15065300
2024-04-25,393.9048767089844,394.74394432686086,383.0365516126927,388.9593393273181,40586500
2024-04-26,401.0911865234375,407.68521620447916,400.53839541992835,406.8659105019104,29694700
2024-04-29,397.0735778808594,401.09120962785465,394.0529584180936,400.03497187375575,19582100
2024-04-30,384.31976318359375,396.98467289944216,384.1618487070766,396.3232817640103,28781400
2024-05-01,389.85760498046875,396.55035342207367,385.28718262896496,387.5575723765422,23562500
2024-05-02,392.7203063964844,394.7834071649824,389.5713551906569,392.5426299953367,17709400
2024-05-03,401.42681884765625,401.9105035456356,396.68857052359846,397.10317892533544,17446700
2024-05-06,408.21826171875,408.603227237703,401.1405174679132,403.49977559314374,16996600
2024-05-07,404.0722961425781,409.33372249534176,403.8255133338143,409.32384154303776,20018200
2024-05-08,405.2568664550781,406.92512065552296,401.4761369476161,402.917370243468,11792300
2024-05-09,407.0139465332031,407.4087929910644,403.8353828414113,405.2864669208131,14689700
2024-05-10,409.40283203125,410.0346105329173,406.50066355453686,407.62600771381045,13402300
2024-05-13,408.39593505859375,412.96635748889184,405.53326050690544,412.63073648454196,15440200
2024-05-14,411.1993713378906,412.1173961263277,406.2538343729978,406.7177872432058,15109300
2024-05-15,418.3887634277344,419.1106798585564,412.64318866360406,413.2662078851203,22239500
2024-05-16,416.32196044921875,420.7028625691673,415.6890726034355,417.1229765763839,17530100
2024-05-17,415.5506286621094,418.23060143126196,413.39480813113437,417.85481010987854,15352200
2024-05-20,420.62371826171875,422.0378548149535,415.33303438679826,415.55059617800293,16272100
2024-05-21,424.28271484375,428.1691308622737,420.1391721073256,422.09719809997813,21453300
2024-05-22,425.7463073730469,427.61536520540614,422.393911984686,425.32108253196407,18073700
2024-05-23,422.2653503417969,428.79217443912484,420.7028829331948,428.16915515912984,17211700
2024-05-24,425.3902893066406,426.28030386108634,419.704046646492,422.45322015153533,11855300
2024-05-28,425.54852294921875,426.0429788375184,421.8697699331016,424.86617140902985,15718000
2024-05-29,424.4112854003906,426.1616484009117,420.96986151310944,420.96986151310944,15517100
2024-05-30,410.0720520019531,419.5952468817441,409.64679700979286,419.5952468817441,28394500
2024-05-31,410.5269470214844,412.1289792567511,400.024708875454,412.1289792567511,47995300
2024-06-03,408.93475341796875,411.81249007309026,404.38578376247324,410.9224755830668,17484700
2024-06-04,411.45654296875,411.8224355088356,405.13738203313136,407.856889503619,14348900
2024-06-05,419.3084716796875,419.37767256450087,411.68394052355205,413.17720689100315,16988000
2024-06-06,419.81280517578125,420.5940539083252,415.9164904670929,419.3084807052153,14861300
2024-06-07,419.1502990722656,421.5533476557977,418.30971795306937,421.4742479856217,13621700
2024-06-10,423.12567138671875,423.33333440686357,419.1898218829819,419.9908379970184,13982900
2024-06-11,427.8823547363281,428.0208168757502,420.53474723054455,420.76220781136936,14551100
2024-06-12,436.1694030761719,438.48345289149796,428.4460049171592,430.493059431206,22366200
2024-06-13,436.68365478515625,438.47361288924054,434.498168180252,435.96176849341106,15960600
2024-06-14,437.66265869140625,438.22634560390054,431.87751920555326,433.4202190445554,13582000
2024-06-17,443.39837646484375,445.9398870196781,435.8332072728674,437.68246749988464,20790000
2024-06-18,441.390869140625,445.14875191744164,439.95696520327493,444.7234969265718,17112500
2024-06-20,440.75799560546875,441.57877910996035,436.37709345219747,441.35131853440595,19877400
2024-06-21,444.7927551269531,445.58387250760194,441.5590243550793,442.4193728058131,34187100
2024-06-24,442.7061767578125,447.72983562691786,441.4601381818841,444.8125336268041,15913700
2024-06-25,445.9497985839844,446.41458834788966,441.7963568563546,443.27972459062323,16413400
2024-06-26,447.1463928222656,448.5704283232279,443.2204115082174,444.0214277051093,16507000
2024-06-27,447.8287048339844,451.11189918090986,446.76066321308457,447.1661206636861,14806300
2024-06-28,441.9941711425781,450.33069094055503,441.46015028408425,448.046306941525,28362300
2024-07-01,451.66571044921875,452.29859832649356,440.718449260987,443.6851847474979,17662800
2024-07-02,454.1873779296875,454.4939381515054,448.085779279666,448.1748078930114,13979800
2024-07-03,455.6608581542969,455.9080860928665,452.80291887761234,453.10947910710325,9932800
2024-07-05,462.3755798339844,463.15682857412344,453.88083144181417,454.5137192746822,16000300
2024-07-08,461.0702209472656,462.5140538822785,459.30995917726233,461.37678118625774,12962300
2024-07-09,454.44451904296875,462.14811993117183,452.9215864810465,461.8217923289273,17207200
2024-07-10,461.08013916015625,461.2878021935715,453.7720662754438,456.1059138794407,18196100
2024-07-11,449.658203125,459.6264206924659,446.54310684217364,457.84639154158754,23111200
2024-07-12,448.5209045410156,451.2997440970952,445.653066550447,449.2922544857781,16324300
2024-07-15,448.9263916015625,452.18981864416236,446.4244459584992,448.2737061930426,14429400
2024-07-16,444.53564453125,449.26264197328965,441.7073711225493,449.1835423040314,17175700
2024-07-17,438.6021423339844,439.9174119033302,434.3102688250729,437.6824616204732,21778000
2024-07-18,435.4870910644531,439.71963242472316,429.5832863227986,439.41307217646386,20794800
2024-07-19,432.26324462890625,436.2485883597653,427.20991955719455,428.297728628943,20940400
2024-07-22,438.028564453125,439.6701615477493,434.04325138518465,436.89132199854777,15808800
2024-07-23,439.91741943359375,443.41817564914504,438.1868237868677,438.97794115369385,13107100
2024-07-24,424.1442565917969,436.58478368998954,422.8487845737653,435.5662057633114,26805800
2024-07-25,413.7606506347656,425.0342380168169,412.8805349119865,424.04532631349326,29943800
2024-07-26,420.5544738769531,424.16402577751,412.6431801625324,413.56289099301864,23583800
2024-07-29,421.9983215332031,427.3582063126635,419.9908318898155,426.7945193727036,15125800
2024-07-30,418.2305908203125,424.2925947905347,412.732213459478,422.97735537825565,32687600
2024-07-31,413.71124267578125,417.10320278469345,407.6393099563061,415.8373969334193,42891400
2024-08-01,412.4849548339844,422.7201972162586,408.50954056683383,416.12417291556886,30296400
2024-08-02,403.9605712890625,410.3983967606497,399.8565933572946,407.91621848675555,29437900
2024-08-05,390.7684631347656,396.5931676964823,381.3045706583986,384.85479031825656,40709200
2024-08-06,395.1790466308594,401.17188015725634,394.08136897243253,395.5647367351895,24946500
2024-08-07,394.0120849609375,405.5329003345715,393.062738170502,404.1088952385133,20650900
2024-08-08,398.2248840332031,401.3597174512935,395.50537665916386,397.97765609010867,20203000
2024-08-09,401.5179443359375,403.5254340135955,397.799656617914,399.5500195790903,19276700
2024-08-12,402.2991638183594,404.2275536933188,399.75765352179553,402.54639174185724,16762900
2024-08-13,409.41937255859375,410.34895203900766,405.0286018746959,405.0483692456352,19414300
2024-08-14,412.23779296875,413.08827288112064,407.876718123392,410.20063690456334,18267000
2024-08-15,417.1119689941406,417.191211225686,413.77333444813155,415.89340426982346,20752100
2024-08-16,414.5758056640625,417.4190931983878,413.4166801400684,416.6859891605723,22775600
2024-08-19,417.6072692871094,417.8252231914192,412.58444310614,415.06117827621364,15234000
2024-08-20,420.846923828125,421.89705736065446,417.71635646590653,417.77579570483533,16387600
2024-08-21,420.19305419921875,422.4320025414326,417.79556092274566,420.1335847320776,16067300
2024-08-22,411.6829528808594,422.8183759816575,410.7516979364214,420.4109661556474,19361900
2024-08-23,412.9114074707031,415.35842313707064,408.2551330501382,413.09964177069946,18493800
2024-08-26,409.64215087890625,413.3968905070922,407.5121643134923,412.4953551222988,13152800
2024-08-27,409.9889221191406,410.50407226682006,406.43233323936084,409.0180308290162,13492900
2024-08-28,406.7790222167969,411.13807041057737,403.5196300124752,411.019191950483,14882700
2024-08-29,409.2756042480469,418.12249665584295,406.77906561893394,411.078675041423,17045200
2024-08-30,413.2582092285156,413.604928025177,408.2948214180594,411.73253163556785,24308300
2024-09-03,405.6298522949219,415.97270258559973,403.24227554701594,414.02103372225025,20313600
2024-09-04,405.0948791503906,407.41310010382534,400.60703533664076,402.13271297104455,15135800
2024-09-05,404.5896301269531,409.2557914736051,402.3506514977997,403.82677622219455,14195500
2024-09-06,397.96185302734375,406.8285475492744,397.0702041035056,405.2533474753259,19609500
2024-09-09,401.9444580078125,404.84718480089737,398.40767240518096,403.4503023301037,15295100
2024-09-10,410.3455505371094,412.45570379102855,403.90603822449737,404.4013853254675,19594300
2024-09-11,419.1033020019531,420.0444433948456,405.76853569187716,411.6334589269,19266900
2024-09-12,423.02642822265625,423.39298024346107,415.84389519077274,419.37076416429335,17395700
2024-09-13,426.5829772949219,427.81142832837605,421.5007116244245,421.8672636112723,15874600
2024-09-16,427.3260498046875,429.4956726087264,424.2350886136153,426.59294574191983,13834700
2024-09-17,431.1005859375,437.73824933805764,428.24738173228826,436.13332953102315,18874200
2024-09-18,426.80096435546875,431.9723892702998,426.40469272360485,430.95197545729616,18898000
2024-09-19,434.607666015625,437.3915144590669,432.83431483021604,437.12403789377305,21706600
2024-09-20,431.21942138671875,435.1524782767089,430.17920464774005,433.1512870260625,55167100
2024-09-23,429.475830078125,432.39835967664135,426.3848691715516,430.2386536885338,15128900
2024-09-24,425.1762390136719,429.31733347364775,422.1348005929618,428.9705844602765,17015800
2024-09-25,428.0888366699219,429.08944744090394,424.58180113051003,425.8300552065777,13396400
2024-09-26,427.2962646484375,431.2491243845501,425.13655879280003,431.0410870914874,14492000
2024-09-27,424.0368957519531,427.8312712464172,423.4920260673168,427.5043252487667,14896100
2024-09-30,426.29571533203125,426.4146240359172,421.4116000312542,424.2251680181162,16807300
2024-10-01,416.775146484375,424.49266278755016,414.91263654622963,424.4629431708175,19092900
2024-10-02,413.248291015625,418.88534363054407,412.8321861342137,418.6475564553425,16582300
2024-10-03,412.6637878417969,415.64575695003026,410.43472579830313,413.74364093705873,13686400
2024-10-04,412.1882629394531,415.84392727991013,411.10840979384466,414.34796923067006,19169700
2024-10-07,405.7289123535156,413.22844449254166,405.1939290185023,412.12878843935687,20919800
2024-10-08,410.85076904296875,411.791940593935,404.37165096666996,407.0762266898708,19229300
2024-10-09,413.5751953125,416.46803570058375,410.4445979894132,411.99007853410836,14974300
2024-10-10,411.9702453613281,413.46620317952954,409.3052757201966,411.3659364512592,13848400
2024-10-11,412.4458312988281,413.24829121073924,409.4043927403761,412.26751359253427,14144900
2024-10-14,415.2395935058594,420.09398917949596,413.6346434592421,413.8823170164031,16653100
2024-10-15,414.84326171875,418.54847842558434,411.39566540112634,418.2512520382671,18900200
2024-10-16,412.2476501464844,412.48540707078536,406.660150790306,411.3065088320687,15508900
2024-10-17,412.84210205078125,418.5683135090887,411.722612729939,418.429601804324,14820000
2024-10-18,414.2687072753906,415.7448320191293,412.38639426497724,413.2582100340754,17145300
2024-10-21,414.8829040527344,415.0612217475957,409.89971357797583,412.24765392774344,14206100
2024-10-22,423.5317077636719,426.57311612841215,414.1498320229674,414.595626294547,25482200
2024-10-23,420.6487731933594,427.06845240983137,418.59802889539156,426.8504984713963,19654400
2024-10-24,420.7775573730469,422.01592511987707,418.4692229621463,421.3719497046553,13581600
2024-10-25,424.16571044921875,428.4950392124222,422.6004269353124,422.78866124967664,16899100
2024-10-28,422.6202392578125,427.9204593260478,422.33292947161533,427.64306615669506,14882400
2024-10-29,427.93035888671875,429.1390069836367,421.8375655534697,424.01710482121905,17644100
2024-10-30,428.50494384765625,434.41938919264413,428.07895261488494,433.3692558016521,29749100
2024-10-31,402.568603515625,412.2873114234298,402.5190506643278,411.4947379049696,53971000
2024-11-01,406.5511779785156,411.63344411141696,403.7078904341815,405.20384836550784,24230400
2024-11-04,404.6589660644531,406.600748568275,401.795875395107,405.98649273527667,19672300
2024-11-05,407.6310119628906,411.03900230330345,404.2824608535884,404.56977062634746,17626000
2024-11-06,416.2698669433594,416.5373737173725,406.6997576825849,408.5821007827268,26681800
2024-11-07,421.47100830078125,422.87780730764854,415.97266781837374,417.3596335925896,19901800
2024-11-08,418.60791015625,422.5310504831396,417.8549729355068,421.36203865462784,16891400
2024-11-11,414.1200866699219,420.8567950462537,412.1287816798458,418.58809689323664,24503300
2024-11-12,419.0933532714844,420.49023567836724,413.3176195666668,414.35783635110096,19401200
2024-11-13,421.2431945800781,425.3347363138495,414.31822142109314,417.7163255743709,21502200
2024-11-14,422.91748046875,424.1855678921326,416.0915826132808,421.04505383486753,30246900
2024-11-15,411.1380920410156,418.86549468955633,409.79076244428035,415.91324532993855,28247600
2024-11-18,411.89105224609375,414.50646935219214,408.2651076525754,411.0093198489206,24727000
2024-11-19,413.90216064453125,414.0507587358417,407.7202079437107,409.2656885605185,18133500
2024-11-20,411.6235046386719,413.4067722571845,406.75919271133495,412.9906674094557,19191700
2024-11-21,409.84661865234375,416.70602153771694,407.2855248811401,416.428073141663,20780200
2024-11-22,413.9464111328125,414.3434759719605,408.0499058744426,408.3576333968402,24814600
2024-11-25,415.7232971191406,417.99650611752486,411.812146489521,415.3162958278843,27691100
2024-11-26,424.8559265136719,425.89825580258685,415.78287220202776,416.5174436728799,23458900
2024-11-27,419.89251708984375,424.10148899734514,418.929618998767,421.9969878965425,18332400
2024-11-29,420.3591003417969,421.76871536801127,414.7405434642979,417.0137828520631,16271900
2024-12-02,427.82403564453125,429.82923270647603,418.22483367708463,418.48293944626425,20207200
2024-12-03,428.0423889160156,429.3030779603568,424.6077042477633,426.69233227151085,18302000
2024-12-04,434.2168884277344,436.45041220115866,429.4619560010729,429.8590208353051,26009400
2024-12-05,439.3787841796875,441.4038541812057,432.9760343176013,434.71321944433936,21697800
2024-12-06,440.32183837890625,442.8333105145372,438.5350012201072,439.0611189309198,18821000
2024-12-09,442.7538757324219,445.0469576507044,437.2743084708553,439.35893665859504,19144400
2024-12-10,440.0835876464844,446.32753597079886,438.3662754088612,441.1358533918597,18469500
2024-12-11,445.7021484375,447.05220524938716,440.79832040277716,440.79832040277716,19200200
2024-12-12,446.26800537109375,452.8196816217572,445.8212884676435,445.8212884676435,20834800
2024-12-13,443.9947204589844,448.124261247401,442.3170935669994,445.15616611270633,20177800
2024-12-16,448.2831115722656,448.86878750909034,442.01932060586137,443.99473862109255,23598800
2024-12-17,451.1320495605469,451.95598856057325,446.27787404509627,447.7073315660627,22733500
2024-12-18,434.1871032714844,449.3353370303597,433.8197872534811,448.0150896587636,24444500
2024-12-19,433.8297119140625,439.9346705847199,433.12491959024413,438.38609658906347,22963700
2024-12-20,433.4029235839844,440.4906238895222,425.49128413888167,429.93845914028344,64263700
2024-12-23,432.0627746582031,434.44519400818086,429.6604823749245,433.54185407205193,19152500
2024-12-24,436.11285400390625,436.38089623186573,431.010509030067,431.4671320524487,7164500
2024-12-26,434.9018249511719,437.7111185947039,433.4326819773249,435.86472311645826,8194200
2024-12-27,427.3772888183594,432.032947038792,423.22790563455993,431.41749205768616,18117700
2024-12-30,421.71905517578125,424.41913845880714,418.8105181563676,422.9400590771193,13158700
2024-12-31,418.4134521484375,423.6051649635355,417.5796069111211,422.97977346202197,13246500
2025-01-02,415.51483154296875,422.9500047735069,411.81216477472935,422.4139505741353,16896500
2025-01-03,420.2499084472656,420.9249216883709,416.46781065088146,417.99651176266025,16662900
2025-01-06,424.7169494628906,431.1395722098291,422.36430932720185,424.8658449852562,20573600
2025-01-07,419.2770690917969,427.49643519355806,417.7185585987197,425.85852385294453,18139100
2025-01-08,421.4510192871094,423.8433749158129,418.4531451224049,420.3590683350305,15054600
2025-01-10,415.88214111328125,421.5999414060332,411.98089654314987,421.52054055637365,20201100
2025-01-13,414.135009765625,415.4354144937977,409.2708974707551,412.19927707865725,17604800
2025-01-14,412.62615966796875,416.6663329915462,407.7123952362894,414.7504731982745,16935900
2025-01-15,423.1882019042969,425.0147242617403,415.2070689754285,416.06078709453215,19637800
2025-01-16,421.4708557128906,426.34490420898106,421.2822749228641,425.56071106349873,15300000
2025-01-17,425.8883056640625,431.29840862027794,425.0346177976779,430.91124996405387,26197500
2025-01-21,425.3622131347656,427.7446325404098,422.48345509069117,427.0497766230712,26085700
2025-01-22,442.9325866699219,443.9947282693763,432.8072669314077,434.3558409675422,27803800
2025-01-23,443.4388122558594,443.4785278251988,438.266972657695,438.76331124507635,18389300
2025-01-24,440.8082275390625,443.37925780820444,438.1677025965132,441.9001784993804,15549500
2025-01-27,431.3778381347656,432.01316613773105,420.3988297966623,420.9051049056437,35647800
2025-01-28,443.9252624511719,445.0966142937209,428.2211016468738,431.4175234893937,23491700
2025-01-29,439.0909118652344,443.60761150041753,437.17505205552743,443.41900040059096,23581400
2025-01-30,411.95111083984375,419.7634757332681,410.1345248522129,415.7034295288443,54586300
2025-01-31,412.0205993652344,417.60937689111034,411.87170384291437,415.911907348454,34161900
2025-02-03,407.91094970703125,412.36806087424213,405.6674894234756,408.5859629677824,25679100
2025-02-04,409.3503112792969,410.8889791877868,406.739565274027,409.6679752687522,20532100
2025-02-05,410.26361083984375,410.7996347714461,407.3947588943965,409.33049175194867,16316700
2025-02-06,412.7750244140625,415.1376009046221,410.9683447102107,410.9683447102107,16309800
2025-02-07,406.7494812011719,415.58430218979566,405.1115698860282,413.4302096384315,22886800
2025-02-10,409.201416015625,412.41768060214906,407.91094771202364,410.6804954197058,20817900
2025-02-11,408.4271240234375,409.4694230026259,406.30278019920314,406.64031711794166,18140600
2025-02-12,406.0447082519531,407.742177856358,401.40889219439293,404.2280919312538,19121700
2025-02-13,407.53369140625,407.99031441935836,403.38427783705555,404.0196057632089,23891700
2025-02-14,405.43914794921875,405.91564391864586,402.9078331667541,404.80385028408716,22758500
2025-02-18,406.64031982421875,407.593281493885,403.5232987441634,405.012314606688,21423100
2025-02-19,411.73272705078125,412.44745587382107,404.66486996411237,404.89319663470326,24114200
2025-02-20,413.91107177734375,417.07410775463984,410.3402184035009,413.0755545581438,23508700
2025-02-21,406.03326416015625,415.8207899827264,405.71499358869687,415.11458446579724,27524800
2025-02-24,401.8457336425781,407.1870941067446,397.1906962904959,406.3316944915949,26443700
2025-02-25,395.77825927734375,399.77684273234365,394.58467628789543,398.9612079589026,29387400
2025-02-26,397.5985412597656,401.44790050472056,392.1477511905504,395.8877115559134,19619000
2025-02-27,390.4368896484375,403.5764407452776,390.0788238664077,399.13027515598884,21127400
2025-02-28,394.87310791015625,395.50970978817173,384.50868780557136,390.5662102627109,32845700
2025-03-03,386.4184265136719,396.693360360252,384.1008642400347,396.693360360252,23007700
2025-03-04,386.53778076171875,390.48661254503907,378.9683745181786,381.3555708063787,29342900
2025-03-05,398.8816223144531,399.52818059067016,386.73673843465946,387.2639110911412,23433100
2025-03-06,394.773681640625,400.00561314926756,390.586108729763,392.17758313531544,23304600
2025-03-07,391.2127380371094,392.6947831487431,383.4841811851977,390.2280267594304,22034100
2025-03-10,378.1328430175781,384.3395592028592,375.208517809933,383.7825477685313,32840100
2025-03-11,378.4213562011719,383.941750050896,374.9002238801034,376.9790758271751,30380200
2025-03-12,381.2262878417969,383.1659020465141,376.92934634163805,380.9080172396425,24253600
2025-03-13,376.750244140625,383.2653352756173,375.43730594967485,381.1168495701804,20473000
2025-03-14,386.4880676269531,388.1491759928466,377.48633735073093,377.7548866940246,19952800
2025-03-17,386.6273193359375,390.61591588488574,383.5140048019888,384.6379840789578,22474300
2025-03-18,381.4749450683594,385.3044217812384,379.06786623501773,385.0060336134189,19486900
2025-03-19,385.75201416015625,387.6020814133235,381.9523764633006,383.47421674907764,19185500
2025-03-20,384.7772521972656,389.70086948967395,381.2362375881449,383.68311164841384,18470500
2025-03-21,389.1736755371094,389.65109658333733,380.7587653391681,381.1765391094654,39675900
2025-03-24,390.98394775390625,393.29158399443577,387.73139545576913,393.29158399443577,21004500
2025-03-25,393.0528869628906,394.2464699747621,390.54633531859656,391.8195087441688,15775000
2025-03-26,387.89056396484375,393.2020858372719,386.49803525659746,392.89374127883343,16108400
2025-03-27,388.4972839355469,390.1484359049866,385.33424804034394,388.04970169840396,13766800
2025-03-28,376.78009033203125,387.05502406399853,374.920066699825,386.01060482786494,21632000
2025-03-31,373.3883056640625,375.0593400396717,365.28173999012597,370.5534967757106,35184700
2025-04-01,380.1520080566406,380.8084923075966,371.2397949635195,372.6522059403994,19689500
2025-04-02,380.1023254394531,383.0266205201498,374.6117403662579,375.95454781806535,16092600
2025-04-03,371.12042236328125,375.4671453752222,367.38049274092737,372.79148704012755,30198000
2025-04-04,357.92120361328125,372.5925514540549,357.5631378295283,362.1883363320907,49209900
2025-04-07,355.9517822265625,369.021730877009,342.9514979578054,349.00902084094025,50425000
2025-04-08,352.66937255859375,371.65757505461033,348.38235725741856,366.2963320079612,35868900
2025-04-09,388.40777587890625,391.13318598606264,351.2171667990214,351.65482301024804,50199700
2025-04-10,379.3165283203125,381.85291877896515,365.838762955237,380.02273387837465,38024400
2025-04-11,386.378662109375,387.97010607095405,376.86964177115533,378.61031016462425,23839200
2025-04-14,385.7420654296875,392.54558862795363,382.1612557582716,391.1232211496066,19251200
2025-04-15,383.6731872558594,389.80034400082167,382.1115516637576,386.43836227942796,17199900
2025-04-16,369.6284484863281,379.5751254610235,366.0377126687907,378.6401657518634,21967800
2025-04-17,365.8188781738281,372.3240133010547,364.9336397230584,371.75704543823275,21120200
2025-04-21,357.2050476074219,362.5364820854384,353.7734623702264,360.88533011613976,20807300
2025-04-22,364.864013671875,365.80892977570767,357.94110461161955,361.44235434917846,19485000
2025-04-23,372.3936462402344,378.3616523034824,371.0309260243866,374.05472426245655,20545500
2025-04-24,385.2347717285156,386.3786638188774,373.1893609627435,373.69665118177875,22232300
2025-04-25,389.7605285644531,390.068873110604,382.54918803088736,384.93638434344297,18973200
2025-04-28,389.07421875,390.64578035007287,384.5783317017626,389.8699407631016,16579400
2025-04-29,391.9388732910156,392.9932186361511,388.29838582664536,389.21346312193106,14974000
2025-04-30,393.15234375,394.54487238441686,382.39003252749313,388.21877036685504,36461100
2025-05-01,423.1316223144531,434.65981700987567,422.6342884776108,428.81116623183453,58938100
2025-05-02,432.9589538574219,437.09677511877317,427.6971532418887,429.4378217113229,30757400
2025-05-05,433.8442077636719,437.15643772408293,429.80582912695047,430.5617862640975,20136100
2025-05-06,430.99945068359375,435.39589519237757,428.8708776295015,429.8953841273505,15104200
2025-05-07,431.03924560546875,435.7837995157977,428.8111693588705,431.5266230555768,23295300
2025-05-08,435.83355712890625,441.30422944958144,433.3369315017373,435.5948162408885,23491300
2025-05-09,436.3905334472656,438.38979471116045,433.55572467490674,437.6537503899646,15324200
2025-05-12,446.8644104003906,446.9738092745622,437.43494989219903,443.5621064267163,22821900
2025-05-13,446.74505615234375,448.2668964878236,442.9851831830833,445.392292323668,23618800
2025-05-14,450.5247802734375,451.4796527444761,445.75038756339603,445.75038756339603,19902800
2025-05-15,451.54119873046875,454.5904670438241,448.8506535548848,449.1894577663049,21992300
2025-05-16,452.6772155761719,452.7668963665248,447.1566619661563,450.4649981824022,23849800
2025-05-19,457.26104736328125,457.9785240250479,449.2193361148497,449.29907263869796,21336500
2025-05-20,456.56353759765625,456.73292449884485,452.72703072274504,453.9925667897047,15441800
2025-05-21,450.983154296875,456.17487788050977,450.2258093649285,452.97614166677727,19216900
2025-05-22,453.26513671875,458.63625267798704,452.30851122486644,453.3548479183862,18025600
2025-05-23,448.6015625,452.0992653985463,447.3360263474386,448.40228199038245,16883500
2025-05-27,459.0746765136719,459.3337746022176,454.52069309116933,454.87944662996904,20974300
2025-05-28,455.7563781738281,460.89828970025724,455.3278931492698,459.60285995745147,17086300
2025-05-29,457.0717468261719,460.10109634693043,453.71356774793736,459.93167902845283,13974800
2025-05-30,458.7458190917969,460.06119805700706,453.942742633105,458.1080789456966,34770500
2025-06-02,460.3502197265625,460.48971303831235,455.2880448481698,455.53716828611505,16626500
2025-06-03,461.3467102050781,462.5126212670428,459.24409259023946,459.85196958801225,15743800
2025-06-04,462.2435302734375,464.05715611586317,461.3965045417047,462.3730793208357,14162700
2025-06-05,466.0401611328125,468.00325491639626,462.4029652503908,463.3296970825432,20131700
2025-06-06,468.730712890625,471.6803257365932,467.1363168836836,468.4417212017894,15285600
2025-06-09,471.0924072265625,471.77001565920176,466.9768832876908,468.05311353771793,16469900
2025-06-10,469.2688293457031,471.14221196784314,465.3226923748716,469.53787169847936,15375900
2025-06-11,470.9628601074219,473.80287330978865,468.01324719222674,468.37197033665615,16399200
2025-06-12,477.1909484863281,478.73553201697933,471.8597009390277,473.3544415367432,18950600
2025-06-13,473.2946472167969,477.4998519181197,471.1023792861798,474.7395752703882,16814500
2025-06-16,477.46002197265625,479.00457509504827,473.3345233196989,473.5437784887318,15626100
2025-06-17,476.3638610839844,477.06138843382047,472.4177241014044,473.7331030955977,15414100
2025-06-18,478.5561218261719,479.313466764918,472.7963894918646,476.3239856832242,17526500
2025-06-20,475.7261047363281,481.76485435953526,475.1979642712812,480.53918652379775,37576200
2025-06-23,484.2959289550781,486.0397928967888,470.8532389300749,476.53323466530253,24864000
2025-06-24,488.3915100097656,490.1254297173699,485.0931183138473,487.23560408546166,22305600
2025-06-25,490.5439453125,492.82592441237585,487.6740689863978,490.314771223071,17495100
2025-06-26,495.705810546875,496.29373818928514,491.08206511354325,491.2514824256969,21578900
2025-06-27,494.20111083984375,497.54931522943417,491.30131038962224,495.80545117387857,34539200
2025-06-30,495.66595458984375,499.0042146991214,493.5932305818623,495.2972567719388,28369000
2025-07-01,490.3247375488281,496.30370004913976,489.2585123483102,494.7292533047111,19945400
2025-07-02,489.36810302734375,491.76965656989233,486.98649882219644,488.2719538404123,16319600
2025-07-03,497.0909423828125,498.3764278450543,491.7098821739863,492.07857999859937,13984800
2025-07-07,495.974853515625,497.0012408266234,493.4935938943106,495.6360493014733,13981600
2025-07-08,494.8786926269531,496.4531696907806,492.3774837277821,495.4965138505155,11846600
2025-07-09,501.74456787109375,505.003091421344,497.98776704512187,498.54580110123976,18659500
2025-07-10,499.7216796875,502.67129257213526,496.0047471787155,501.2861517097084,16492100
2025-07-11,501.55523681640625,503.25923259786794,496.054571905536,496.72223609239006,16459500
2025-07-14,501.2562561035156,502.2029372942231,499.273243347857,499.7615155353931,12058800
2025-07-15,504.04644775390625,506.51773265302506,501.027073076573,501.2562471634966,14927200
2025-07-16,503.8471374511719,504.94328659833275,500.13023542973804,503.40867779230757,15154400
2025-07-17,509.9058532714844,511.5699807689203,503.84715436950415,503.9069415603956,17503100
2025-07-18,508.2616271972656,512.8355602906365,505.6508184267905,512.6760872301095,21209700
2025-07-21,508.2715759277344,510.29448733980524,503.77737959397786,504.9333159392007,14066800
2025-07-22,503.4983825683594,509.40761357627605,503.4983825683594,509.1784090675831,13868600
2025-07-23,504.0962829589844,505.01307057965715,498.9444273574923,504.97320231513,16396600
2025-07-24,509.0887145996094,511.86891017220256,505.5212500656798,506.98609704492156,16107000
2025-07-25,511.9088439941406,516.4727417364818,508.57055332296227,510.67314061143924,19125700
2025-07-28,510.7030334472656,513.1942677567645,508.3313735189307,512.2775105607909,14308000
2025-07-29,510.7727966308594,515.8050777848653,509.7663282358281,513.7224399565682,16469200
2025-07-30,511.4404296875,514.1409495778635,507.6537656967309,513.3636552782116,26380400
2025-07-31,531.62939453125,553.5024436401114,530.0350289229713,553.2831833968122,51617300
2025-08-01,522.2723388671875,533.9213535531813,519.0337340919326,533.1241706958108,28977600
2025-08-04,533.7619018554688,536.3627358241171,526.2782244119826,526.4177481275262,25349000
2025-08-05,525.8995361328125,535.41603854948,525.3913146279989,535.2964641743647,19171600
2025-08-06,523.0994262695312,529.8357336828143,522.1926437275052,529.0385508551038,21355700
2025-08-07,519.0138549804688,526.2384349946553,515.7353514691818,524.9529190734887,16079100
2025-08-08,520.2095947265625,522.8204035830947,517.5888112007746,520.7676288144971,15531000
2025-08-11,519.9405517578125,525.7401525514866,517.8976909591346,520.4686618064882,20194400
2025-08-12,527.3843383789062,529.1182277589118,520.8672912006765,521.9135974657331,18667000
2025-08-13,518.7547607421875,530.8322607629538,517.5489813455309,530.2443026581628,19619200
2025-08-14,520.6480102539062,524.1058750288076,518.3162490497452,520.7277467800332,20269100
2025-08-15,518.3461303710938,524.255330935539,517.2599862571353,520.9370505811125,25213300
2025-08-18,515.286865234375,520.9868407954262,512.2177084457264,519.7611730136332,23760600
2025-08-19,507.98260498046875,513.3536904476517,506.7668813962475,513.1942782099028,21481000
2025-08-20,503.9468078613281,509.2082935133009,502.6712971096552,508.0822507382742,27723000
2025-08-21,503.2980041503906,506.68168580920974,501.7808546744913,502.74904380636957,18443300
2025-08-22,506.2824401855469,509.77590173606455,501.471437254012,503.3079962424447,24324200
2025-08-25,503.3179931640625,507.2406441544574,503.1782400793436,505.6835608535286,21638600
2025-08-26,501.1021423339844,504.0366525259624,497.5787379824689,503.4177851675948,30835700
2025-08-27,505.7933349609375,506.34232576675964,498.96611661319633,501.06219963605827,17277900
2025-08-28,508.68792724609375,510.1352001425548,504.5556467937143,506.1426727693108,18015600
2025-08-29,505.7434387207031,508.64800611235046,503.5475364264987,507.7097597194238,20961600
2025-09-02,504.1763610839844,505.0547219959289,495.88188775050133,499.53505401941584,18128000
2025-09-03,504.40594482421875,506.8413890153064,501.3816064871684,502.8488615493355,16345100
2025-09-04,507.02105712890625,507.20071355848035,502.2100541109688,503.3578996917829,15509500
2025-09-05,494.0752868652344,511.0135863020471,491.4501951138555,508.11900990545524,31994800
2025-09-08,497.2693176269531,500.26371328397477,494.10522614671714,497.1794589519428,16771000
2025-09-09,497.4789123535156,501.3117351050236,496.77024724997165,500.4932596555404,14410500
2025-09-10,499.43524169921875,502.2899147028095,495.7920664455459,502.04038173392,21611800
2025-09-11,500.0740661621094,502.2300346920423,496.9499084839274,501.31173995388707,18881600
2025-09-12,508.94744873046875,511.59249216822343,502.9087629314118,505.70352006176233,23624900
2025-09-15,514.397216796875,514.5069966795595,506.05284913244947,507.8395136770829,17143800
2025-09-16,508.08905029296875,516.2637221986186,507.64986983793983,515.9144004162443,19711900
2025-09-17,509.06719970703125,510.33484666258875,504.9848440594251,509.6660849144807,15816600
2025-09-18,507.5001525878906,512.1115168727503,506.71161989545686,510.5344514878828,18913700
2025-09-19,516.96240234375,518.3298380532008,509.35664280609984,509.6061757592278,52474100
2025-09-22,513.4889526367188,516.772784556969,511.5824866494396,514.6268375894382,20009300
2025-09-23,508.2787170410156,513.6287198501773,506.3622903955001,512.8401566617626,19799600
2025-09-24,509.19696044921875,511.5225942719762,505.9730140478167,509.4265417419943,13533700
2025-09-25,506.0827941894531,509.0572380888419,504.09652154158834,507.3504106819217,15786500
2025-09-26,510.5045166015625,512.9798945996346,505.67356201643696,509.1071380786861,16213100
2025-09-29,513.6386108398438,515.8844074376258,507.9293260645142,510.5444265624633,17617800
2025-09-30,516.982421875,517.1919905812645,508.70790002171145,512.2811987663596,19728200
2025-10-01,518.7391357421875,519.5376290534263,510.7340986553811,513.8382741479315,22632300
2025-10-02,514.7765502929688,520.625588764222,509.7260051791023,516.6730253227585,21222900
2025-10-03,516.3834838867188,519.5176324904353,514.0378984273964,516.1339509263171,15112300
2025-10-06,527.5825805664062,530.0380069481532,517.2319577376861,517.6411650074094,21388600
2025-10-07,523.0010986328125,528.8102332144322,520.4658657072805,527.3030443984364,14615200
2025-10-08,523.8695068359375,525.9656203925812,522.1128458539913,522.3024933531,13363400
2025-10-09,521.4241333007812,523.3505205733983,516.4334737589328,521.3642478231245,18343600
2025-10-10,510.0054626464844,522.6019127014883,508.6779606337136,518.6692706129455,24133800
2025-10-13,513.0896606445312,515.4452371680482,510.7240930552238,515.4452371680482,14284200
2025-10-14,512.610595703125,514.3174231454748,505.05473007895694,509.2768388871209,14684300
2025-10-15,512.4708251953125,516.2238106749688,509.04724028199115,513.9979961583023,14694700
2025-10-16,510.65423583984375,515.884437136842,507.1807563967364,511.62245544117155,15559600
2025-10-17,512.62060546875,514.5170195527368,506.3622988729776,508.0890780500653,19867800
2025-10-20,515.8245239257812,517.730989827423,512.4708156147512,513.6486038577511,14665600
2025-10-21,516.6929321289062,517.7210372272165,512.0815676283437,516.533257830336,15586200
2025-10-22,519.5675659179688,524.2488070435115,516.7428964573043,520.1764726871388,18962700
2025-10-23,519.5875244140625,522.9712060783663,517.6411550810741,521.4839993377199,14023500
2025-10-24,522.6318359375,524.3685757173844,519.7372899447384,521.8133604589415,15532400
2025-10-27,530.527099609375,533.5813808592218,528.0217787333662,530.7866236569336,18734700
2025-10-28,541.057373046875,552.6855732732587,539.7598137450263,548.9725518014023,29986700
2025-10-29,540.538330078125,545.2495444281135,535.7273269044096,543.9220119141725,36023000
2025-10-30,524.77783203125,533.9705877450752,521.1446173319796,529.4889853080866,41023100
2025-10-31,516.8426513671875,528.3311587204174,514.137692119172,527.8919782690999,34006400
2025-11-03,516.0641479492188,523.9793263365088,513.628703759196,518.8389228578652,22374700
2025-11-04,513.3692016601562,514.5868933466259,506.8913048594995,510.80399534425794,20958700
2025-11-05,506.2125549316406,513.8682396575209,505.6336213981725,512.3410686781482,23024300
2025-11-06,496.1713562011719,504.75529633258907,494.88375756631746,504.7153625290288,27406500
2025-11-07,495.8918762207031,498.4470913363115,492.32853818272196,496.02163823572937,24019800
2025-11-10,505.0547180175781,505.9031361854127,497.8681564860657,499.10586069795033,26101500
2025-11-11,507.7297058105469,508.64800052182136,501.411544557113,503.85694933091565,17980000
2025-11-12,510.1851501464844,510.7141588310794,498.18758530403636,508.4084461357136,26574900
2025-11-13,502.34979248046875,512.54071024479,500.3535287599438,509.3566671737073,25273100
2025-11-14,509.2268981933594,510.644258818196,496.51070821491913,497.2992409027003,28505700
2025-11-17,506.54193115234375,511.16328656765256,503.9667643395777,507.5001596757347,19092800
2025-11-18,492.8675537109375,502.0403882023454,485.87063942574486,494.44458869198826,33815100
2025-11-19,486.2099914550781,494.264922953439,481.9279972054541,489.18443539234676,23245300
2025-11-20,478.42999267578125,493.57000732421875,475.5,492.7099914550781,26802500
2025-11-21,472.1199951171875,478.9200134277344,468.2699890136719,478.5,31699600
